0.1273015303398779 249.0
1.6076467951983773 246.25
1.7265625 0.0
3.719625961865084 246.25
4.471217397510677 245.0
5.19181546608236 245.25
5.917596716082361 245.25
6.6227509618650835 246.25
7.374342397510677 245.0
8.038618298815226 248.0
8.825904897510679 245.0
12.49375 0.0
12.615624450237659 328.5
13.21953125 0.0
13.335658686873323 329.0
13.9453125 0.0
14.67109375 0.0
15.396875000000001 0.0
16.12265625 0.0
16.85861291148281 338.5
18.251522258909755 344.0
18.3 0.0
19.02578125 0.0
19.7515625 0.0
20.356887649219637 351.0
20.477343750000003 0.0
21.749011696740446 357.0
21.92890625 0.0
23.380468750000002 0.0
24.106250000000003 0.0
24.54364852466729 368.5
25.237749271987582 372.0
25.5578125 0.0
27.009375000000002 0.0
27.735156250000003 0.0
28.4609375 0.0
30.638281250000002 0.0
31.364062500000003 0.0
32.08984375 0.0
32.815625 0.0
33.54140625 0.0
34.267187500000006 0.0
34.59314080270976 521.5
35.283237332965776 525.25
35.96806305802522 530.25
36.6533053064863 535.25
36.6875 0.0
37.3389524738731 540.25
37.39453125 0.0
38.02499338259416 545.25
38.1015625 0.0
38.71141726250197 550.25
38.80859375 0.0
39.39421060013364 556.25
39.515625 0.0
40.04762861133128 570.0
41.88892210083492 374.5
42.67986240463794 365.25
43.45328673172745 358.25
44.23946133857282 350.25
45.01878419971389 343.25
45.79018003352935 337.25
46.57527390791779 330.25
47.35191195056464 324.25
48.13118767944869 318.25
48.878506183834105 315.0
51.796229532758815 373.5
53.65625 0.0
54.36328125 0.0
55.0703125 0.0
55.77734375 0.0
57.19140625 0.0
57.8984375 0.0
60.0625 0.0
60.77130681818182 0.0
61.41083803196595 416.5
61.48011363636363 0.0
62.18892045454545 0.0
62.301658092883166 392.5
62.89772727272727 0.0
62.972687637217824 397.25
63.46749219712034 426.5
63.60653409090909 0.0
64.23538658276784 418.0
64.3153409090909 0.0
64.93007429674606 420.0
65.02414772727273 0.0
65.60416735044932 425.0
65.73295454545455 0.0
68.0104395840854 317.5
68.72233063940777 317.25
69.41882972490323 318.25
70.10325279099686 320.25
70.58306878975532 422.5
70.81509082811408 320.0
71.26607127883054 426.25
71.4034090909091 0.0
71.94785149819488 430.25
72.62357674478541 435.25
73.31289856364835 438.25
74.01046238224943 440.0
79.0323772118408 583.5
79.81147377537276 565.25
79.9090909090909 0.0
80.5982563812923 546.25
80.61789772727273 0.0
82.13751912990077 209.0
83.01375580895439 485.5
83.65485246287328 317.5
83.78631706600774 474.0
84.49014821150993 475.25
85.23979325149085 468.25
85.29283060020288 623.5
86.04987605158246 609.25
86.81177103572716 594.25
87.04592803030303 0.0
87.57265031120461 580.25
88.3169125095334 571.25
89.11840754053037 548.25
89.85827912791508 541.25
90.59028433894115 536.25
91.28390986023675 540.25
91.99038140064235 541.25
92.63947575164879 556.25
93.35819727605681 554.25
94.04895410163745 559.25
94.74006575681395 564.25
95.42771478080184 570.25
96.11584567657404 576.25
96.80444349769145 582.25
97.49349390925097 588.25
98.18298315693929 594.25
98.86947420853193 601.25
99.55652454822584 608.25
100.24411502426489 615.25
102.3677293767141 630.25
103.05575929623276 638.25
103.73850364836959 648.25
103.92870744889736 893.5
104.67167627989456 874.25
105.37784956451104 878.25
106.08566656533867 881.25
106.79194151436275 885.25
107.50139776586501 887.25
108.20931130877072 890.25
108.9520993255903 871.25
109.67121957187717 867.25
110.37891446697073 870.25
111.08502855262184 874.25
111.7912018372383 878.25
112.49743351351293 882.25
113.20372278874838 886.25
113.90387633942751 894.25
114.60880804136518 899.25
115.35577516967396 877.25
116.04785297543738 890.25
116.7270625471376 912.25
117.42937073057229 919.25
118.13327263311419 925.25
118.83586753976613 932.25
119.53721671132047 940.25
120.24012780491181 947.25
120.94182976706712 955.25
121.64371313704905 963.25
122.3457734212579 971.25
123.04672296538226 980.25
123.74662750309383 990.25
125.89840016125012 1009.25
126.59333998323173 1019.25
127.28735162280192 1030.25
127.98050176778038 1042.25
128.67507497299317 1053.25
129.36881774028595 1065.25
130.06179459392638 1078.25
130.75201108056055 1094.25
131.42890208539612 1124.25
132.117617901295 1143.25
132.845657569559 1121.25
133.52210763780468 1153.25
134.23460255426534 1147.25
134.92858060933867 1161.25
135.6219771892525 1176.25
136.3148483756567 1192.25
137.00809225758528 1208.25
137.69923711303608 1227.25
138.37912171244355 1261.25
139.0188833082903 1354.5
139.7075655099737 1382.25
140.39557701277712 1412.25
141.0921319897942 1429.25
141.7842533920221 1454.25
142.47631410369982 1480.25
143.16726587518002 1509.25
143.85986106057896 1536.25
146.39184428536495 469.5
147.10016212574314 469.25
147.81270991815754 468.25
148.5951393916293 455.25
149.26666720233177 461.25
151.57142129092108 438.25
152.38136424430078 422.5
153.1228185751953 417.25
153.83450033579464 416.25
154.58259759963252 410.25
155.4645880281138 387.5
156.23016483053453 380.25
156.9091745577294 383.25
157.75245635013206 367.5
158.50594122212948 362.25
159.30526071674328 352.5
160.05278685234458 348.25
160.81983710721994 342.25
161.72289468223804 324.5
162.56180103358128 313.5
163.28221674404531 312.25
163.98676219859078 312.25
164.70409608910285 311.25
165.52756449450214 302.25
166.2872799027251 298.25
167.01997177724735 296.25
167.44367822044904 317.5
168.32880538390222 303.5
169.07769209741292 300.25
169.79607573780112 299.25
170.55691595905384 295.25
171.3046987749929 292.25
172.0238555954648 291.25
172.54262600055515 304.5
173.18446775682145 309.25
173.91517730758792 307.25
174.67309143295176 303.25
177.01584086328208 290.25
177.79056779346607 286.25
178.5359882541923 284.25
179.29751645194972 281.25
180.04404315484274 279.25
180.80727571152752 276.25
181.50587294150475 277.25
182.1726761280486 280.25
182.8250507541923 284.25
183.33101836317653 298.5
183.88490651190017 310.5
184.53944002828425 315.25
185.2794535388593 313.25
186.0070036758635 312.25
186.76046207500326 309.25
187.5413642202059 304.25
188.3244848287102 299.25
189.1644969357123 290.5
189.8247811102491 294.25
190.4690160787102 299.25
191.15627577726585 301.25
191.85746506268396 302.25
192.5053761712243 307.25
193.10510011279914 316.25
193.77086642736052 320.25
194.47363271056003 321.25
195.17647431665537 322.25
195.9397814294487 318.25
196.66693291213505 317.25
197.39416261279914 316.25
198.10900636279914 316.25
198.7991564294487 318.25
199.46553681665537 322.25
200.1448191014331 325.25
200.77077563578342 333.0
201.23982561766437 356.5
201.82312798902223 370.5
202.44996742357117 380.5
203.0732228784317 391.5
203.75009638110603 396.25
204.37144056610478 394.25
205.05080158274015 399.25
205.82175846515247 508.5
206.4901382756711 519.25
207.07469851250195 550.25
207.73382226022125 565.25
208.41082673718012 576.25
209.0576366633421 596.25
209.7455704788202 605.25
210.671875 0.0
211.6483810236195 3583.5
212.3655381179973 3600.25
213.08128583096988 3632.25
213.7973603755379 3661.25
214.51878583096988 3632.25
215.2446333300984 3557.5
215.96872418959435 3503.25
216.421875 0.0
216.69657777035172 3414.5
217.140625 0.0
217.420262196991 3368.25
217.859375 0.0
218.14118825972977 3348.25
218.578125 0.0
218.86583268442405 3295.25
221.07834203635065 3214.25
222.43126499393838 4156.5
223.15145378682664 4150.0
223.87096683230624 4153.0
224.58871535530002 4181.0
225.4266454184248 2980.5
226.37880599591816 1905.5
227.1037345018501 1890.25
227.82311737938062 1891.25
229.4072265625 0.0
231.41995180075725 1896.5
232.14319882867375 1886.25
232.283822265754 281.5
232.8681469123637 1871.25
233.10391429070347 275.25
233.59460898822164 1852.25
233.67667379052412 284.5
234.33913665656993 1785.5
234.4195770504783 283.0
237.1992955133923 1835.5
237.9408670801344 1777.5
238.6649972073744 1766.25
239.3886854850916 1756.25
240.12264113852615 1721.25
240.84696017561035 1710.25
241.57133876674445 1699.25
242.29534710582703 1689.25
242.3623046875 0.0
243.01593612405563 1687.25
243.08203125 0.0
243.8017578125 0.0
246.526195206806 2038.5
246.89299061357022 513.25
247.60363526837472 514.25
249.39116644251095 2026.25
250.10649847376095 2026.25
250.82333019682244 2021.25
251.64451010352565 1721.5
252.36380372576733 1712.0
253.0854813534002 1697.0
254.63037109375 0.0
255.17537887792602 1839.5
255.23518104812592 570.5
255.345703125 0.0
255.9078440657192 1793.5
255.95527108462207 569.25
256.06103515625 0.0
257.32769838476156 1822.25
258.04525806209745 1816.25
258.7816194985237 1761.5
259.49665461461444 1762.25
260.2415864527217 1690.5
260.96048406235576 1682.25
261.67581609360576 1682.25
262.39376335337676 1676.25
263.1095330802981 1675.25
263.8010315765454 1731.5
263.9296875 0.0
264.5383405417367 1679.5
265.2684540428914 1646.25
265.97883020173447 1657.25
266.729689850519 1581.5
270.503241545099 506.5
271.18508475952615 512.25
271.78627324586756 536.25
272.5756505414516 518.25
273.2849139343087 518.25
273.914063424439 536.25
274.64942466516806 530.25
275.454893722304 509.25
276.04616244934346 535.25
276.6965353882914 549.25
277.01575948472805 1075.5
277.76154884570246 1042.25
278.4951098080769 1021.25
279.27666726658396 963.5
280.02314885555097 936.25
280.73664283546714 933.25
281.44027148018563 937.25
282.1594275688304 930.25
282.89334919208335 913.25
283.15513392857144 0.0
283.5996639424486 915.25
284.29581679288805 924.25
284.9855372937146 938.0
285.28788176410194 1359.5
286.0302614110597 1311.5
286.7671368125092 1274.0
288.52492921873585 611.5
290.7165427182491 609.25
291.4266014399572 611.25
292.1432955189046 611.25
292.8699590577952 608.25
293.5397216575057 975.5
293.59672179460966 605.25
294.30655711540237 938.25
295.05625463793734 915.25
295.8045691225216 894.25
297.08303544229994 635.5
297.8135906623501 631.0
298.5779565727982 616.0
299.3235508927773 607.25
300.05713784825423 602.25
300.7875502995738 598.25
301.5216534728801 593.25
302.25605371786344 588.25
302.95855885667805 592.25
303.6726138998998 593.0
304.40346079306613 589.0
305.1345019666031 585.0
305.8584437018544 583.0
306.3180505927831 663.5
306.8272048228363 1320.5
307.0439053781968 660.25
308.534968687221 640.5
309.2737406411346 633.25
316.03824013157896 0.0
316.7549342105263 0.0
317.4716282894737 0.0
318.18832236842104 0.0
318.75627497924006 217.5
318.90501644736844 0.0
319.47956691351544 217.25
319.6217105263158 0.0
320.1962609924628 217.25
320.3384046052632 0.0
322.3952741503575 217.25
323.0779581599684 218.25
323.76088304587915 219.25
324.4504789017012 220.0
327.5234375 0.0
328.232421875 0.0
328.94140625 0.0
329.650390625 0.0
330.359375 0.0
330.5988563795662 481.5
331.068359375 0.0
331.4019437625534 464.5
331.77734375 0.0
332.1297117099075 461.25
332.486328125 0.0
332.85627228523924 458.25
333.1953125 0.0
333.5830655279929 455.25
333.904296875 0.0
334.3040540310214 453.25
334.61328125 0.0
335.03124544128417 450.25
335.322265625 0.0
335.75250383390994 448.25
336.4801069052254 445.25
337.20164438548284 443.25
337.92329617005976 441.25
338.6450638260657 439.25
339.3669489493653 437.25
340.08895316523996 435.25
340.80449263650416 434.25
343.98076538306753 402.25
344.7084070090167 400.25
345.42840574940686 399.25
346.14844363767435 398.25
346.8374054560714 401.25
347.49109857028003 409.0
350.00970134690743 256.5
350.7649045826545 254.25
351.4964853232904 253.25
352.2282201304556 252.25
352.9404597137889 252.25
353.6526992971223 252.25
354.3845900144893 251.25
355.0968295978226 251.25
355.80906918115596 251.25
356.48216240662373 253.25
357.14157908740987 256.0
358.0006478617565 248.5
359.3752044611521 251.0
1.3215723636731695 249.0
2.101971716082403 245.25
2.8058779660823916 245.25
3.489157211865063 246.25
3.6414062499999886 0.0
4.213690466082369 245.25
4.938393395121693 244.25
5.621502966082403 245.25
6.304782211865074 246.25
7.034498647510702 245.0
7.676899548815186 248.0
11.384374999999977 0.0
12.088281250000023 0.0
13.484373410221888 330.0
16.881618257024826 338.0
18.212069133909754 344.0
18.431640625 0.0
19.12890625 0.0
19.826171875 0.0
20.262379229722708 348.0
20.5234375 0.0
21.576747052438265 356.0
21.91796875 0.0
23.3125 0.0
24.009765625 0.0
24.92664361402222 370.5
25.404296875 0.0
25.601463668641642 373.0
26.798828125 0.0
27.49609375 0.0
28.193359375 0.0
28.890625 0.0
30.982421875 0.0
31.6796875 0.0
32.376953125 0.0
33.07421875 0.0
33.771484375 0.0
34.41281976248664 522.5
34.46875 0.0
35.08875750412877 527.25
35.166015625 0.0
35.763985634248435 532.25
35.86328125 0.0
36.44391833515327 536.25
36.560546875 0.0
37.11566595045396 542.25
37.2578125 0.0
37.7920956928793 547.25
37.955078125 0.0
38.46890420836391 552.25
38.65234375 0.0
41.61012367357115 380.5
42.38043115825335 372.25
43.15169015010383 364.25
43.91650050459785 357.25
44.69414168596629 349.25
45.46490102767448 342.25
46.22769438088304 336.25
46.99285203291779 330.25
47.760505700564636 324.25
48.53079705444869 318.25
49.269131183834105 315.0
52.141932657758815 373.5
54.037890625 0.0
54.7359375 0.0
55.433984375 0.0
56.13203125 0.0
57.528125 0.0
58.226171875 0.0
58.92421875 0.0
59.622265625 0.0
60.3203125 0.0
60.873764168329586 416.5
61.018359375 0.0
61.71640625 0.0
61.7618947534317 391.5
62.414453124999994 0.0
62.43784681610478 394.25
62.94662406437438 419.5
63.1125 0.0
63.641153842200616 420.0
63.810546875 0.0
64.34624334388548 419.0
64.50859375 0.0
65.02326292522976 422.0
65.206640625 0.0
68.0853330499945 317.5
68.77415642944868 318.25
70.89239492727097 319.25
71.33018698852484 424.5
71.57195748814746 321.0
72.01898321064873 426.25
72.67941297967279 432.25
73.34741769936531 437.25
74.03690433756513 439.0
74.73768558756512 439.0
78.95239912846566 581.5
79.72205697180158 563.25
80.49947297422621 544.25
80.621875 0.0
81.32265625 0.0
81.37370730899826 208.5
82.0234375 0.0
82.06017537990077 209.0
82.72421875 0.0
82.86123851378566 488.5
83.51562288121009 318.5
84.33344840090388 475.25
85.07317393330904 468.25
85.1162917744453 623.5
85.86341771824911 609.25
86.6118996729352 595.25
86.92890625 0.0
87.36268831378972 581.25
88.10069565347278 571.25
88.88816485257713 549.25
89.03125 0.0
89.61381171834287 543.25
90.3486178064863 535.25
91.03225993939324 539.25
91.72456700670296 541.25
92.3839033248417 551.25
93.0725438669659 554.25
93.75734127886473 558.25
94.43846322180158 563.25
95.11993246253667 568.25
95.79798491864885 574.25
97.89346792681093 585.25
98.57046263957278 592.25
99.25148944431062 598.25
99.92955485382019 605.25
100.60816849882032 612.25
101.28731172748314 619.25
101.96382205207776 627.25
102.64404112303646 634.25
103.32473639050461 641.25
103.99711666508617 651.25
104.21865667708795 872.5
104.91456381177153 876.25
105.61171738148269 879.25
106.30890368396747 882.25
107.00612238557487 885.25
107.70337315717225 888.25
108.40376590145664 889.25
109.13924398996711 868.25
109.8428341552105 867.25
110.53988747833436 870.25
111.23535999201577 874.25
111.92929550648269 879.25
112.6249000842798 883.25
113.31899815717225 888.25
114.01010202515073 895.25
114.70440926472742 900.25
115.44546787081272 875.25
116.11750086594267 894.25
116.79078222779762 913.25
117.48392802223896 919.25
118.17575053251458 926.25
118.86914168749341 932.25
119.55984928707805 940.25
120.25211880869968 947.25
120.9431791988853 955.25
121.63442099689755 963.25
122.32583970913667 971.25
123.01614768129136 980.25
123.70666808802747 989.25
125.74336056262337 1008.25
126.43292630094147 1018.25
127.12272596284262 1028.25
127.81047231564031 1040.25
128.49964778009905 1051.25
129.18799017050506 1063.25
129.87450235299167 1077.25
130.559337601948 1093.25
131.2308238877598 1123.25
131.91699489698627 1139.25
132.612896715174 1145.25
133.31822637452052 1141.25
134.0179019922041 1143.25
134.70735922601256 1156.25
135.39618673313436 1170.25
136.0835638415291 1186.25
136.77131934203086 1202.25
137.45943829516943 1218.25
138.14388407072474 1239.25
138.77735767601504 1330.5
139.4527562511213 1369.25
140.13568857351254 1398.25
140.82423643182065 1419.25
141.5131645250268 1440.25
142.1995867620803 1466.25
144.6602220561958 474.5
145.4136621460724 465.25
146.1383054599075 461.25
146.85744416023925 458.25
147.54726362328068 460.25
148.21420408939719 466.25
148.97397810246255 456.25
149.68749182079273 454.25
150.3535136232807 460.25
151.17573248667273 440.5
151.99020524947838 423.5
152.7499098069162 415.25
153.47319450542324 412.25
154.4172031794504 381.5
156.72516938405002 362.5
157.503737558919 354.25
158.28353617914863 346.25
159.03490823075242 341.25
159.79886813275968 335.25
160.6925760062101 318.5
161.5309932051374 307.5
162.2463213759462 306.25
162.9584473137848 305.25
163.6572754387848 305.25
164.4377660787102 299.25
165.2072029852491 294.25
166.08184976472148 282.5
166.5869819281122 295.5
167.10851491130123 308.5
167.9989278236126 294.5
168.74487832273752 291.25
169.47323375599206 289.25
170.23236479162088 285.25
170.96198620039002 283.25
171.6763754156554 282.25
172.17760692811223 295.5
172.82370357871022 299.25
173.5225317037102 299.25
174.23529126636146 298.25
174.97648272041747 295.25
175.73315957273752 291.25
176.49145550646756 287.25
177.22064604162088 285.25
177.93481637919228 284.25
178.64909557539002 283.25
179.34792370039003 283.25
180.04675182539003 283.25
180.34931434360632 377.5
180.73398139644536 284.0
181.0503202760541 377.25
181.75788870929335 376.25
182.48322010235418 373.25
183.21805904514477 369.25
185.472737735935 356.25
186.174300235935 356.25
186.91543059842448 352.25
187.94223546749376 322.5
188.64678681665538 322.25
189.36035146056003 321.25
190.0739914273605 320.25
190.78770742727096 319.25
191.47711642736053 320.25
192.16660146056003 321.25
192.84423429423708 323.25
193.53394320056464 324.25
194.21201757104222 326.25
194.87888550770109 329.25
195.55766911952963 331.25
196.2255768804942 334.25
196.88319950637128 338.25
197.5631813597519 340.25
198.22233845248053 344.25
198.9878870063713 338.25
199.6894495063713 338.25
200.35873635575243 341.25
201.01814137290523 345.25
201.65827655815684 351.25
202.25964007477884 361.5
203.031471933919 354.25
203.79341185234458 348.25
204.414925235935 356.25
205.0190558947664 366.5
205.65939197735418 373.25
206.29121033042964 381.25
206.9075978784317 391.5
207.5092664446309 404.25
208.15863098930566 411.25
208.6768752641564 582.5
209.3054637606175 603.25
210.01383973883495 601.25
212.56246212786976 3591.5
213.26698396782473 3622.25
213.853125 0.0
213.97143978409935 3654.25
214.67904551384825 3652.25
215.3938703865539 3573.5
216.10579425815877 3527.25
216.659375 0.0
216.81992595566683 3460.5
217.53466839486703 3390.5
218.24600146383776 3354.25
218.796875 0.0
218.9568358274035 3323.25
219.504296875 0.0
219.6704715718117 3268.25
220.38207531691728 3232.25
221.0923372907915 3208.25
221.71875018602455 4070.5
222.4194406975431 4163.5
223.12782097432662 4150.0
223.83517164267096 4151.0
224.54033289327006 4183.0
225.3680419059952 2966.5
226.30969822513723 1894.5
227.0182345668806 1891.25
227.72326080085426 1898.25
231.26096742575726 1896.5
231.97190976617375 1886.25
232.174056640754 281.5
232.6845531623637 1871.25
232.94923231650475 277.25
233.39906888698425 1851.25
233.52698361319872 285.5
234.13170532509764 1783.5
234.27289736297828 283.0
236.93752548299193 1847.5
237.6695882292061 1781.5
238.3829659573744 1766.25
239.0943495475916 1756.25
239.2345284573744 1766.25
239.94123258076883 1755.25
240.6575104849499 1721.0
241.36434298811034 1710.25
242.0696401564844 1703.25
242.141796875 0.0
242.77796429332705 1689.25
242.84921875 0.0
243.48030804332703 1689.25
243.556640625 0.0
245.96218019549872 491.5
246.16388228429818 2042.5
246.58154907272294 508.25
246.87625478378155 2009.0
247.25549073712472 514.25
248.97539965394623 2035.25
249.68102324147966 2024.25
250.3845685272057 2020.25
251.0896332308935 2011.25
251.89813622382727 1713.5
252.60702747630995 1698.0
254.65947786852263 1836.5
254.7403740625649 571.5
254.95859375 0.0
255.36373979594111 1831.25
255.45508871253668 568.25
255.6609375 0.0
257.4744553570337 1821.25
258.18542876694084 1798.25
258.89858132319614 1770.25
259.6165637590795 1731.25
260.3399115060997 1681.5
261.0406287551743 1685.25
261.7460145294107 1678.25
262.4501080184284 1674.25
263.15113868047627 1677.25
263.38671875 0.0
263.82807274567926 1737.5
264.0890625 0.0
264.56411104467134 1658.5
265.2715163944399 1647.25
267.44904735181467 1566.5
268.20011026195493 1471.5
270.5026054642816 505.5
271.17074324166896 512.25
271.7630589601533 536.25
272.5481784231403 517.25
273.24395411288015 518.25
273.8772060517581 533.25
274.56032871846315 537.25
275.39689522446616 507.25
275.98273563424846 532.25
276.61121172757714 549.25
277.642563862788 1048.5
278.3672512902467 1027.25
279.1184375281387 985.5
279.8624768445287 952.25
280.5920453750896 931.25
281.2924360000896 931.25
281.9829551417181 938.25
282.709033829926 920.25
283.0609375 0.0
283.42116766077396 912.25
283.761328125 0.0
284.10981507992597 920.25
284.8000970718791 927.25
285.0671655951248 1376.5
285.79378455996266 1337.25
286.5252904064593 1293.5
288.2854698488531 612.5
288.99329770793605 610.25
289.6970114682491 609.25
290.3940789579361 610.25
291.0911573610099 611.25
291.79486020793604 610.25
292.4108229164221 997.5
292.50525319540884 607.25
293.16045739378455 959.25
293.89521845204985 934.25
294.6274176607739 912.25
297.35153873177364 635.5
298.07474927287853 629.0
298.8225828144193 615.0
299.55134694540885 607.25
300.2645739983079 604.25
300.98820819431063 598.25
301.70874228866955 593.25
302.42600809155925 589.25
303.12203868301845 591.25
303.8189954788471 593.0
304.53627329306613 589.0
305.2537453876557 585.0
305.9677606229506 582.0
306.39347825341247 669.5
307.11679352683836 662.25
307.8514135400862 651.25
308.58411139050463 641.25
309.31156958850306 633.25
316.0625 0.0
316.765625 0.0
317.46875 0.0
318.171875 0.0
318.65931145982694 218.5
318.875 0.0
319.40188726915255 217.0
319.578125 0.0
320.0983991503575 217.25
320.28125 0.0
320.8015241503575 217.25
321.5046491503575 217.25
322.2077741503575 217.25
322.8845987849684 218.25
323.5422757767012 220.0
326.609375 0.0
327.3125 0.0
328.015625 0.0
328.71875 0.0
329.421875 0.0
330.125 0.0
330.9797678725963 477.5
331.74702751242324 463.25
332.265625 0.0
332.45195112328065 460.25
332.953125 0.0
333.15119416023924 458.25
333.640625 0.0
333.8565030279929 455.25
334.328125 0.0
334.5560071560214 453.25
335.015625 0.0
335.26171419128417 450.25
335.703125 0.0
335.96148820890994 448.25
336.6676069052254 445.25
337.36766001048284 443.25
338.06782742005976 441.25
338.7681107010657 439.25
339.4685114493653 437.25
340.16903129023996 435.25
340.86308638650416 434.25
343.93389038306753 402.25
344.65319867568337 400.25
345.36486408274016 399.25
346.07656863767437 398.25
346.7649174256834 400.25
347.42307459089164 406.25
349.9128263469074 256.5
350.65969624932114 254.25
351.38294365662375 253.25
352.08684990662374 253.25
352.8102513804556 252.25
353.5141576304556 252.25
354.23771501448925 251.25
354.9416212644893 251.25
355.6455275144893 251.25
356.3297826304556 252.25
356.980446644726 255.0
357.80204111367317 249.0
358.4859385372064 250.0
359.2098536136732 249.0
359.9137598636732 249.0
1.250478613673181 249.0
2.0304873410823916 245.25
2.7340029660823575 245.25
3.416891586865063 246.25
3.5707031250000227 0.0
4.141034216082403 245.25
4.8653465201217045 244.25
5.548065466082392 245.25
6.23095408686504 246.25
6.960279897510702 245.0
7.60229017381522 248.0
8.46245955782831 240.5
13.433314936873323 329.0
16.846848828262207 336.0
18.16829588188561 343.0
18.3703125 0.0
18.856209758909753 344.0
19.06875 0.0
19.7671875 0.0
20.191211899630662 350.0
20.465625 0.0
21.54800910066746 354.0
21.8625 0.0
23.9578125 0.0
24.893129168071955 369.5
25.3546875 0.0
25.56005741864164 373.0
26.7515625 0.0
27.450000000000003 0.0
28.1484375 0.0
28.846875 0.0
30.942187500000003 0.0
31.640625 0.0
32.3390625 0.0
33.0375 0.0
33.53799948852485 424.5
33.735937500000006 0.0
34.38781976248664 522.5
34.434375 0.0
35.06492937912878 527.25
35.1328125 0.0
35.745703563498054 531.25
35.83125 0.0
36.42243396015327 536.25
36.5296875 0.0
37.099567006702955 541.25
37.228125000000006 0.0
37.77709160856503 546.25
37.9265625 0.0
38.4549970748417 551.25
41.507828179450414 381.5
42.28048572735418 373.25
43.054081154637935 365.25
43.83095362959785 357.25
44.601180088572825 350.25
45.37425294971389 343.25
46.15035063088303 336.25
46.91824265791779 330.25
47.688630700564644 324.25
48.461656429448695 318.25
49.202724933834105 315.0
52.13427352466729 368.5
53.97421875 0.0
54.675 0.0
55.37578125 0.0
56.0765625 0.0
57.478125 0.0
58.17890625 0.0
58.8796875 0.0
59.58046875 0.0
60.28125 0.0
60.86373884747667 415.5
60.98203125 0.0
61.6828125 0.0
61.73937116106497 392.5
62.38359375 0.0
62.42612806610478 394.25
62.94469921106866 418.5
63.084375 0.0
63.62789482424863 421.0
63.78515625 0.0
64.34272771888548 419.0
64.4859375 0.0
65.02248167522976 422.0
65.18671875 0.0
68.0927549249945 317.5
68.78431267944869 318.25
70.8958664273605 320.25
71.34268698852485 424.5
71.58601998814746 321.0
72.02992071064872 426.25
72.6887879796728 432.25
73.36172513048308 436.25
74.04154820106574 439.25
74.73595954134034 440.0
78.94250026415641 582.5
79.70647851022125 565.25
80.48593088259416 545.25
80.625 0.0
81.32421875 0.0
81.37058230899827 208.5
82.0234375 0.0
82.05548787990077 209.0
82.72265625 0.0
82.85759213458441 486.5
83.5277775015163 316.5
83.6184131684225 475.0
84.31215652628794 476.0
85.05442393330904 468.25
85.0864921116448 626.5
85.83490736100987 611.25
86.58151035676075 597.25
86.91796875 0.0
87.33403630072176 582.25
88.07035177143791 572.25
88.85288979160788 551.0
89.5799417242262 544.25
90.3173678064863 535.25
90.99944743939324 539.25
91.69019200670296 541.25
92.37264963259416 545.25
93.0350438669659 554.25
93.72225314151264 557.25
94.40174200188598 562.25
95.07774496253667 568.25
95.75798988297011 573.25
97.83096792681093 585.25
98.50797618301846 591.25
99.18541660676074 597.25
99.8598864983079 604.25
100.53490736100987 611.25
101.21046041960058 618.25
101.88652774196554 625.25
102.56000708850308 633.25
103.23411139050462 641.25
103.90589224906812 650.25
104.11938307275597 873.5
104.81499912081271 875.25
105.50702988148268 879.25
106.20070055896748 882.25
106.89440363557488 885.25
107.58813878217225 888.25
108.28501590145663 889.25
109.0169783649671 868.25
109.71705290521051 867.25
110.41059060333437 870.25
111.10254749201577 874.25
111.79456357966255 878.25
112.48663805896747 882.25
113.17877013723323 886.25
113.86476649094267 894.25
114.55554099591063 899.25
115.28675107966255 878.25
115.96938878217225 888.25
116.6328063491677 911.25
117.3209347709787 918.25
118.01066054288808 924.25
118.69907662508957 931.25
119.38764264171812 938.25
120.07635525348819 945.25
120.7652112195287 952.25
121.45153519496685 961.25
122.13939446677128 969.25
122.82613880255394 978.25
123.51309688179077 987.25
125.62078860097878 1006.25
126.30679109289224 1016.25
126.99302889557958 1026.25
127.67720589847384 1038.25
128.36281810280207 1049.25
129.04868894985418 1060.25
129.73266853135178 1073.25
130.41386386035737 1089.25
131.08063385228908 1120.25
131.75846074952054 1141.25
132.44899958873657 1149.25
133.15644802198625 1139.25
133.85354730354624 1140.25
134.54035163955385 1152.25
135.22467113557664 1167.25
135.90933973879174 1182.25
136.59348644831118 1198.25
137.27800027053945 1214.25
137.96124343404912 1232.25
138.6120091564593 1293.5
139.26189408787084 1362.5
139.94192202741226 1390.25
140.62495628240683 1414.25
141.3126744118613 1431.25
141.99481269539552 1458.25
142.6771125805238 1486.0
145.2015531375534 464.5
145.92421674828068 460.25
146.63400666023924 458.25
147.33205353523925 458.25
147.98373533939719 466.25
148.7459561529929 455.25
149.46811816218877 451.25
150.14803869579274 454.25
150.90746301665303 444.25
151.72840439993698 425.5
152.51279356889987 413.25
153.2550345300437 407.25
154.14165276719535 383.5
156.47139097945396 361.25
157.19898985672745 358.25
158.0256953479975 345.5
158.79073659698565 339.25
159.5554774725342 333.25
160.57972929721333 306.5
161.37682857871022 299.25
162.07565670371022 299.25
162.84509361024908 294.25
163.4733129537102 299.25
164.32699068476464 288.5
165.0749429166209 285.25
165.7891132541923 284.25
166.50339245039 283.25
167.1260424430379 288.25
167.90104870039002 283.25
168.6788062606451 278.25
169.42637522820348 275.25
170.1582947254126 273.25
170.70802163972147 282.5
171.33403363146755 287.25
172.03286175646755 287.25
172.7773945041923 284.25
173.5229070769497 281.25
174.2375198780486 280.25
174.9682593856451 278.25
175.73231341774178 274.25
176.46447674089683 272.25
177.19713585323348 270.25
177.9303018741868 268.25
178.66398625746706 266.25
179.38044057126368 265.25
180.11492473618594 263.25
180.83178579856911 262.25
181.53061392356912 262.25
182.24761369445952 261.25
182.92827017356913 262.25
183.60906536118594 263.25
184.28999767868783 264.25
185.88360210670916 357.5
186.42429973618593 263.25
186.60988951440427 355.25
187.30682517743827 356.0
189.06428795902247 273.5
189.73965647820347 275.25
190.41134169150476 277.25
191.0361410406554 282.25
191.64869869303791 288.25
192.17712343256093 300.5
192.4566832337102 413.5
193.22201117851193 405.25
193.89640852031917 409.25
194.56414667135806 414.25
195.21872591797344 421.25
195.86819707680488 429.25
196.76171875 0.0
197.13303715767586 359.5
197.75530957172953 368.25
198.35973004169355 379.5
198.73846534352091 421.5
199.6844105933589 389.5
200.4406376259112 383.25
201.1365116161377 384.25
201.83242953872886 385.25
202.5535282509112 383.25
203.24940224113772 384.25
204.08258229307194 369.5
205.03065846899952 344.5
205.65566497342448 352.25
206.31064112959785 357.25
206.95755387432763 363.25
207.61546582172952 368.25
208.29253430041965 371.25
208.98785303325334 372.25
209.60284320314554 382.5
210.12325009604152 405.5
213.0294024660738 3631.5
213.73504594368654 3642.25
214.44048855723253 3655.25
215.1517134642988 3606.0
215.777734375 0.0
215.86435532300803 3543.5
216.48203125 0.0
216.57577582023538 3495.25
217.29209180008374 3401.5
218.00272658795203 3364.25
218.5625 0.0
218.7115484732567 3344.25
219.269140625 0.0
219.42477868601617 3285.25
219.97578125 0.0
220.13579034268997 3247.25
220.84654849119963 3212.25
221.51905085544385 3527.5
222.1726364769283 4162.5
222.8800223453391 4152.0
223.58687659033097 4149.0
224.2920283345705 4170.0
225.1158224109687 2982.5
226.05247750034715 1913.5
226.76598578772175 1893.25
227.4736563768501 1890.25
231.00711750465953 1889.5
231.70939979068058 1902.25
231.920931640754 281.5
232.42568966205374 1874.25
232.74442279274177 274.25
233.13620052537257 1863.25
233.33814145194972 281.25
233.86018599222237 1815.5
234.0174286129783 283.0
236.66614608569648 1872.5
237.4009285193493 1795.5
238.11733132319614 1770.25
238.82712336461447 1762.25
240.8356931382632 1711.5
241.54054467158932 1709.25
241.881640625 0.0
242.24953482911886 1697.25
242.58828125 0.0
242.95687054332703 1689.25
243.294921875 0.0
243.66120776534876 1688.25
246.1442114454987 491.5
246.34942554374203 2046.5
246.7367407371247 514.25
247.44064698712472 514.25
249.16925937905108 2032.25
249.87405924216174 2029.25
250.57976067940137 2023.25
251.3876360001242 1727.5
252.09714573883824 1714.0
252.80908983862003 1695.0
254.44453125 0.0
254.86421877018813 1838.5
254.94271781256492 571.5
255.1484375 0.0
255.57556856488247 1818.25
255.65899496253667 568.25
255.85234375 0.0
256.9634520961137 1873.5
257.6871944070633 1818.5
258.40561944385155 1780.25
259.10991365631276 1779.25
259.8369905722756 1721.5
260.55875069798674 1679.5
261.25843304332705 1689.25
261.96754493047627 1677.25
262.6723260490481 1675.25
263.3692913807029 1691.25
263.5953125 0.0
264.0568177858707 1730.25
264.79549854193147 1649.5
265.4999699219044 1648.25
266.197150766997 1663.25
266.98617063326543 1491.5
267.7009982878366 1472.0
271.3836341299594 515.25
271.9857193434632 537.25
272.77513154814034 517.25
273.46631015067106 519.25
274.08689121846317 537.25
274.862512058232 520.25
275.60950718653976 510.25
276.1923558351533 536.25
276.8381648525771 549.25
277.13751841014124 1077.5
277.87542743860365 1043.25
278.60006848021504 1022.25
279.36340393660777 971.5
280.105943037078 940.25
280.81616292475286 933.25
281.51796981249345 932.25
282.21553095204985 934.25
282.9418328545116 916.25
283.287890625 0.0
283.6451656645291 914.25
284.33386432307964 922.25
285.02561858582936 928.25
285.2999995652764 1367.5
286.0281925583603 1326.5
286.7561196709941 1288.25
288.5157216294501 611.5
289.2202508329361 610.25
289.92729869595314 608.25
290.61771986100985 611.25
291.31811048600986 611.25
292.02181333293606 610.25
292.65662918957946 982.5
292.7355625213368 606.25
293.3914398308741 956.25
294.1250010624934 932.25
294.86032017965795 908.25
295.5865931740692 891.25
296.84718005802176 634.5
297.56772014404226 628.0
299.7578281463368 606.25
300.47136482193844 602.25
301.18854160676074 597.25
301.9024922886696 593.25
302.6273658095352 586.25
303.28940802697554 597.0
304.00689068469893 592.0
304.7210916975316 588.0
305.43187038765575 585.0
306.1391180439597 583.0
306.5792302675363 664.5
307.0743113793171 1297.5
307.29119156240733 660.25
308.7488667135368 640.5
309.4709445885031 633.25
316.21875 0.0
316.91875 0.0
317.61875 0.0
318.31875 0.0
318.7936864598269 218.5
319.01875 0.0
319.5331372691526 217.0
319.71875 0.0
320.22652415035753 217.25
320.41875 0.0
320.9265241503575 217.25
321.6265241503575 217.25
322.3265241503575 217.25
323.0002237849684 218.25
323.65477577670123 220.0
326.71875 0.0
327.41875 0.0
328.11875 0.0
328.81875 0.0
329.51875 0.0
330.21875 0.0
330.91875 0.0
331.0751626094384 477.5
331.61875 0.0
331.8325538282127 463.25
332.31875 0.0
332.5276090180175 460.25
333.21698363392346 458.25
333.9124240806245 455.25
334.453125 0.0
334.608101841971 452.25
335.13075657894734 0.0
335.29789840181047 450.25
335.80838815789474 0.0
335.98780399838364 448.25
336.68405427364644 445.25
337.3742389578513 443.25
338.06453794637554 441.25
338.7549528063289 439.25
339.4454851335758 437.25
340.129611643641 436.25
340.8203232286094 434.25
343.87139038306753 402.25
344.5903080506834 400.25
345.30158283274017 399.25
346.01289676267436 398.25
346.70085492568336 400.25
347.3661518035119 405.25
349.84798259690746 256.5
350.59446187432115 254.25
351.31731865662374 253.25
352.0208342816237 253.25
352.7438451304556 252.25
353.4670118894893 251.25
354.17052751448927 251.25
354.8740431394893 251.25
355.57755876448925 251.25
356.2614232554556 252.25
356.9309234446442 254.0
357.7329004886732 249.0
358.41640728720637 250.0
359.1601026738152 248.0
359.8434473636732 249.0
0.34489081565646984 247.0
1.7727509618650856 246.25
1.9156249999999773 0.0
2.4996279660823575 245.25
3.1852509618650515 246.25
3.917311147510702 245.0
4.034375000000011 0.0
4.618377966082392 245.25
5.324627966082403 245.25
6.01025096186504 246.25
6.742311147510691 245.0
7.387055798815197 248.0
8.134141919286094 246.0
11.803125000000023 0.0
11.81935887919201 327.5
12.509374999999977 0.0
17.912643349859966 342.5
18.109375 0.0
18.58480993752171 345.0
18.8078125 0.0
19.50625 0.0
20.2046875 0.0
20.903125 0.0
21.297005489013472 353.0
21.6015625 0.0
21.965809552438266 356.0
22.63511124725266 359.0
23.696875 0.0
24.3953125 0.0
24.632191668071954 369.5
25.09375 0.0
25.308061771987582 372.0
27.887500000000003 0.0
28.5859375 0.0
30.68125 0.0
31.379687500000003 0.0
32.078125 0.0
32.7765625 0.0
33.475 0.0
34.13142205270976 521.5
34.173437500000006 0.0
34.81292483296578 525.25
34.871875 0.0
35.48915680802523 530.25
35.5703125 0.0
36.165805306486305 535.25
36.26875 0.0
36.8428587238731 540.25
36.9671875 0.0
37.52030588259416 545.25
37.665625000000006 0.0
38.19813601250196 550.25
38.3640625 0.0
38.876338732504735 555.25
39.0625 0.0
42.05978713606048 375.5
42.83245378275006 367.25
43.60614283383317 359.25
44.37324309842448 352.25
45.143141372905255 345.25
45.91601200637129 338.25
46.68075801454721 332.25
47.44795507104225 326.25
48.2177414273605 320.25
48.96525636279914 316.25
53.75 0.0
54.4484375 0.0
55.146875 0.0
55.8453125 0.0
56.54375 0.0
57.2421875 0.0
57.940625 0.0
58.6390625 0.0
59.3375 0.0
60.0359375 0.0
60.621372198863305 412.5
60.734375 0.0
61.32894348930567 411.25
61.4328125 0.0
62.13125 0.0
62.17140241106498 392.5
62.747968846960276 408.25
62.829687500000006 0.0
63.32332627493697 425.5
63.528125 0.0
64.08113351918655 417.0
64.2265625 0.0
64.75834134220061 420.0
64.925 0.0
65.42206507772204 425.0
67.8075986749945 317.5
68.50912041213503 317.25
69.19525017944869 318.25
71.07905139717411 420.5
71.3051476462959 320.0
71.74691341462133 425.25
72.41383161183124 430.25
73.08153129023995 435.25
73.76282754092107 438.25
74.45236579134034 440.0
78.65178672245284 587.5
79.41620909898364 570.25
80.19579226250197 550.25
80.34296875 0.0
80.95632215839301 536.0
81.04375 0.0
81.09480105899827 208.5
81.74453125 0.0
81.78126912990076 209.0
82.4453125 0.0
83.27381635526137 315.5
83.31995012956618 481.5
84.0234037688401 481.0
84.78863276968255 469.25
85.50212665883335 467.0
85.5671861142956 614.5
86.31570106824942 600.25
87.06564705953518 586.25
87.81423988297011 573.25
88.0515625 0.0
88.55038825666593 564.0
89.32655588259416 545.25
90.06110996846317 537.25
90.75761449134386 538.25
91.44566075670296 541.25
92.16345371846317 537.25
92.79363761696591 554.25
93.48639810013363 556.25
94.16737849732804 561.25
94.84870993130023 566.25
95.52660177143791 572.25
96.20497043127419 578.25
98.29745485490845 590.25
98.9795116633421 596.25
99.6585887606175 603.25
100.33821958293606 610.25
101.01838523057103 617.25
101.6990676538971 624.25
102.37715469235542 632.25
103.05586966627384 640.25
103.73225497323155 649.25
103.94107562253687 877.5
104.64942249201577 874.25
105.34612607966255 878.25
106.04447338352048 881.25
106.74127863557487 885.25
107.44126519010743 887.25
108.13970903604344 890.25
108.87465310333437 870.25
109.5826779052105 867.25
110.28090310333437 870.25
110.97916206308116 873.25
111.67585092724971 877.25
112.37259838352048 881.25
113.06783263723322 886.25
113.7600594132496 893.25
114.45397849591063 899.25
115.18509838352048 881.25
115.88190363557487 885.25
116.54679205373553 910.25
117.23958533657706 917.25
117.93253554288808 924.25
118.62706149740183 930.25
119.32029380161418 937.25
120.01229275348818 945.25
120.70583621952869 952.25
121.39818239930156 960.25
122.09070716082377 968.25
122.78211487951747 977.25
123.47373700013462 986.25
124.16432539782033 996.25
126.28061921789225 1016.25
126.96959139557958 1026.25
127.65764630839111 1037.25
128.34484935280204 1049.25
129.03345457485418 1060.25
129.71910056799865 1074.25
130.40099366381625 1092.25
131.0696928050931 1124.25
131.7532196055283 1142.25
132.44743708873656 1149.25
133.15761989698626 1139.25
133.85840114698627 1139.25
134.54699226455386 1152.25
135.23495028373964 1166.25
135.92144911379174 1182.25
136.6083301983112 1198.25
137.29557839553945 1214.25
137.98074620338502 1233.25
138.63432129112897 1294.5
139.28701324291194 1363.5
139.96980176554058 1391.25
140.65620628240683 1414.25
141.34665878686133 1431.25
142.03095356481478 1459.25
144.50896670668223 470.5
145.25671639453765 462.25
145.98088166023925 458.25
146.69947177799293 455.25
147.3648679599075 461.25
148.08322541023924 458.25
148.83814997915692 449.25
149.53280794128415 450.25
150.20936682079275 454.25
151.08759162893853 426.5
151.9034782814507 410.25
152.65671566872754 403.25
153.50745964781493 384.5
154.39465730079417 363.5
155.14547423172743 358.25
157.37826834985995 342.5
158.1590243827597 335.25
158.92888550770107 329.25
159.91136992221334 306.5
160.7647163031122 295.5
161.4849373602491 294.25
162.27526119303792 288.25
162.90403697732938 293.25
163.67994869303791 288.25
164.4740316656554 282.25
165.19204770194972 281.25
165.9420875106451 278.25
166.55005075419228 284.25
167.3467750106451 278.25
168.1309509754126 273.25
168.8838546032335 270.25
169.60330322975602 269.25
170.13615161870632 279.5
170.77956432539003 283.25
171.48190807539 283.25
172.1998129156554 282.25
172.93361362804862 280.25
173.6678687606451 278.25
174.40258821152753 276.25
175.12129710320346 275.25
175.87346111589682 272.25
176.6439737491868 268.25
177.39879994626367 265.25
178.11890392868784 264.25
178.85717642356911 262.25
179.6144576730551 259.25
180.33539891122095 258.25
181.07537515347764 256.25
181.81594624932117 254.25
182.55712638045563 252.25
183.2989301818577 250.25
184.10275296608236 245.25
184.78446971186509 246.25
185.42593003574405 249.25
187.40422749932117 254.25
188.050626044782 257.25
188.66186392356911 262.25
189.27657072878011 267.25
189.89455486589682 272.25
190.53188508652752 276.25
191.18701190484273 279.25
191.9389163365275 276.25
192.98938884690747 256.5
193.79435563948928 251.25
194.45872490662376 253.25
195.10467202847764 256.25
195.77055516122093 258.25
196.38250286118594 263.25
196.87578837616772 275.5
197.45186316391283 283.5
198.07187542064827 289.0
198.58841589253575 364.5
199.14879554857117 380.5
199.54935843937437 419.5
200.29755919389987 413.25
201.06029242851193 405.25
201.8020268006834 400.25
202.491015625 0.0
202.53681513110604 396.25
203.24033075610603 396.25
204.17047291807194 369.5
205.09696460581705 346.5
205.7320167187146 353.25
206.39618800459786 357.25
207.03294015010383 364.25
207.7458351243276 363.25
208.43997140010381 364.25
209.07027490825337 372.25
209.75597886885328 374.25
210.37113152281492 384.5
210.96133412515078 398.5
213.15466666319293 3745.5
213.86840707431764 3657.5
214.57438113064902 3656.25
215.2870528986195 3583.5
215.9967039275016 3544.25
216.561328125 0.0
216.70812089077094 3488.25
217.26484375 0.0
217.42358860414797 3395.5
218.13378305932622 3355.25
218.8411747914902 3341.25
219.40625 0.0
219.55352184062784 3283.25
220.112109375 0.0
220.2638741640376 3244.25
220.9739779157915 3208.25
222.29845249393838 4156.5
223.0044894785476 4154.0
223.7104910953391 4152.0
224.41465256736848 4176.0
225.24016811069427 2967.5
226.17598151477426 1907.5
226.88703187069692 1892.25
227.59323456688062 1891.25
229.28828125 0.0
231.12073305075725 1896.5
231.8239558078736 1904.25
232.040072265754 281.5
232.54049274590108 1873.25
232.8586495869656 274.5
233.2502265107716 1862.25
233.43614663972147 282.5
233.97569641074475 1808.5
234.13422548797828 283.0
236.77766854326543 1867.5
237.51067609696918 1793.5
238.22553444819616 1770.25
238.93494118277505 1761.25
239.6427870475916 1756.25
240.9150790702005 1708.5
241.61984154658933 1709.25
241.99375 0.0
242.32915126674445 1699.25
242.699609375 0.0
243.03894214034875 1688.25
243.40546875 0.0
243.74315883208092 1690.25
246.2281958204987 491.5
246.4413575345586 2031.5
246.82189698712472 514.25
247.53166248857022 513.25
249.26353610016275 2025.25
249.967717076448 2028.25
250.67459216436845 2022.25
251.4849902519302 1723.5
252.1952779860297 1711.0
252.90670917178923 1696.0
254.533203125 0.0
254.96433032100649 1842.5
255.04572792312592 570.5
255.23828125 0.0
255.68166474746386 1809.25
255.75938558753666 568.25
255.943359375 0.0
257.07857082289195 1845.25
257.7887397959411 1831.25
258.5215792270499 1758.5
259.22280399981395 1768.25
259.95218844520053 1708.5
260.6697971492462 1679.25
261.3718368703595 1686.25
262.0803895294107 1678.25
262.7867791740481 1675.25
263.4747481859026 1715.25
263.69921875 0.0
264.1806627621928 1713.25
264.91437191219694 1647.5
265.61820675056833 1650.25
266.33942499091245 1615.25
267.1126598905339 1482.5
269.40682657883184 509.5
271.48755135360153 523.25
272.14875125924846 532.25
272.9173190481403 517.25
273.5955936985064 522.25
274.2306412184632 537.25
275.0728072900883 506.25
275.7359594871247 514.25
276.31714513170294 541.25
276.989146176894 548.25
277.3009991816677 1063.5
278.03033089847384 1038.25
278.75599033645057 1017.25
279.52737382882117 961.5
280.26451138460817 935.25
280.9628719266142 937.25
281.65984928707803 940.25
282.37653381433313 929.25
283.1009384777976 913.25
283.435546875 0.0
283.7976922295116 916.25
284.48722304288805 924.25
285.17025393514683 937.0
285.46243995345264 1360.5
286.19454092862514 1315.5
286.92240164480404 1279.0
288.6758778794501 611.5
289.38118833293606 610.25
290.0890174459531 608.25
290.77691849882035 612.25
291.47809037382035 612.25
292.1891989682491 609.25
292.8248116393888 980.5
292.9004062713368 606.25
293.5646182285456 951.25
294.30507336290844 923.25
295.04186912091063 899.25
295.7568965360434 890.25
297.02286687353427 632.5
297.74431696782625 626.0
299.9520739983079 604.25
300.666183488835 601.25
301.39080592293516 595.25
302.1052282645728 592.25
302.82332345470553 588.25
303.50689342013135 594.0
304.22136034828 591.0
304.9431089319229 586.0
305.6578680439597 583.0
306.34732855625435 587.0
306.8057927675363 664.5
307.2272088193962 1419.5
307.53306002592456 656.25
308.9992664402446 636.5
309.71621719235543 632.25
316.46484375 0.0
317.16875 0.0
317.87265625 0.0
318.5765625 0.0
319.0933637950295 217.5
319.28046875 0.0
319.80386790035755 217.25
319.984375 0.0
320.50777415035753 217.25
320.68828125 0.0
321.2116804003575 217.25
321.9155866503575 217.25
322.59319253496835 218.25
323.2710392958792 219.25
323.95555702670123 220.0
327.0234375 0.0
327.72734375 0.0
328.43125 0.0
329.13515625 0.0
329.8390625 0.0
330.54296875 0.0
331.246875 0.0
331.505489401701 465.5
331.95078125 0.0
332.2084022498008 462.25
332.6546875 0.0
332.910112432423 459.25
333.6120537603573 456.25
334.30821550500326 454.25
334.796875 0.0
335.0105523727151 451.25
335.4810855263158 0.0
335.706982215999 449.25
336.16529605263156 0.0
336.4097279978564 446.25
337.1064350561267 444.25
337.8032556457428 442.25
338.50019131967946 440.25
339.1972436593421 438.25
339.8944142752199 436.25
340.5851497112926 435.25
341.28250082643694 433.25
344.2853221227381 401.25
345.0070515827402 399.25
345.72109988767437 398.25
346.4273498876743 398.25
347.11032212273807 401.25
349.54553601826683 257.5
350.29441359376057 255.25
351.0198524993212 254.25
351.7454436566237 253.25
352.4711888804556 252.25
353.1774388804556 252.25
353.9033400144893 251.25
354.6095900144893 251.25
355.31584001448925 251.25
356.02209001448927 251.25
356.66985249932117 254.25
357.34262075407656 256.0
358.1756103089344 249.5
359.5582773778188 251.0
1.1965723636731695 249.0
1.976971716082403 245.25
2.6808779660823916 245.25
3.364157211865063 246.25
3.5164062499999886 0.0
4.088690466082369 245.25
4.813393395121693 244.25
5.496502966082403 245.25
6.179782211865074 246.25
6.909498647510702 245.0
7.551899548815186 248.0
8.4124595578283 240.5
11.963281250000023 0.0
13.323939936873323 329.0
16.747239453262207 336.0
18.062069133909755 344.0
18.262890625 0.0
18.96328125 0.0
19.663671875 0.0
20.11153184198216 349.0
20.3640625 0.0
21.432605446740446 357.0
21.76484375 0.0
23.165625 0.0
23.866015625 0.0
24.80789361402222 370.5
25.266796875 0.0
25.48583866864164 373.0
26.667578125 0.0
27.367968750000003 0.0
28.068359375 0.0
28.76875 0.0
30.869921875000003 0.0
31.5703125 0.0
32.270703125 0.0
32.97109375 0.0
33.49411149947838 423.5
33.671484375000006 0.0
34.34094476248664 522.5
34.371875 0.0
35.02000750412878 527.25
35.072265625 0.0
35.702734813498054 531.25
35.77265625 0.0
36.38141833515327 536.25
36.473046875 0.0
37.060504506702955 541.25
37.173437500000006 0.0
37.73998223356503 546.25
37.873828125 0.0
38.4198408248417 551.25
41.554703179450414 381.5
42.333946783253346 372.25
43.105596400103835 364.25
43.870797379597846 357.25
44.64882918596629 349.25
45.40940919971389 343.25
46.18316313088303 336.25
46.94871140791779 330.25
47.71675570056463 324.25
48.487437679448696 318.25
49.226162433834105 315.0
52.13687916807196 369.5
53.9953125 0.0
54.69375 0.0
55.3921875 0.0
56.090625 0.0
57.4875 0.0
58.1859375 0.0
58.884375 0.0
59.5828125 0.0
60.28125 0.0
60.8378266683296 416.5
60.9796875 0.0
61.678125 0.0
61.7263478784317 391.5
62.376562500000006 0.0
62.40269056610478 394.25
62.91185843937438 419.5
63.075 0.0
63.599769824248625 421.0
63.7734375 0.0
64.31225896888549 419.0
64.471875 0.0
64.98272665761814 423.0
65.1703125 0.0
68.05291117499449 317.5
68.74212517944869 318.25
70.84551992727097 319.25
71.27645127493696 425.5
71.52508248814746 321.0
71.97210821064873 426.25
72.63253797967279 432.25
73.30054269936531 437.25
73.98842320106574 439.25
74.68439704134033 440.0
78.90918561229198 580.5
79.67518197180158 563.25
80.45678046834288 543.25
80.575 0.0
81.27578125 0.0
81.32683230899826 208.5
81.9765625 0.0
82.01330037990077 209.0
82.67734375 0.0
82.81956084570102 487.5
84.28657340090388 475.25
85.02629893330904 468.25
85.0694167744453 623.5
85.81321958293606 610.25
86.5650246729352 595.25
86.88203125 0.0
87.31581331378972 581.25
87.5828125 0.0
88.05003927143791 572.25
88.84128985257713 549.25
88.984375 0.0
89.56693671834287 543.25
90.3017428064863 535.25
90.98538493939324 539.25
91.67769200670296 541.25
92.3370283248417 551.25
93.0256688669659 554.25
93.71046627886473 558.25
94.39158822180158 563.25
95.07305746253667 568.25
95.75110991864885 574.25
97.84659292681093 585.25
98.52124388957277 592.25
99.19992694431062 598.25
99.8756486038202 605.25
100.55191849882033 612.25
101.22871797748314 619.25
101.90602922425057 626.25
102.58075987303646 634.25
103.25911139050461 641.25
103.92914791508618 651.25
104.14834417708795 872.5
104.84190756177152 876.25
105.53671738148269 879.25
106.23155993396747 882.25
106.92643488557488 885.25
107.62134190717225 888.25
108.31783403604344 890.25
109.05252523996711 868.25
109.7537716552105 867.25
110.44848122833437 870.25
111.14160999201577 874.25
111.83479795466255 878.25
112.52804430896748 882.25
113.21978081510743 887.25
113.90851649094267 894.25
114.59894051472742 900.25
115.33604818677152 876.25
116.01353716104344 890.25
116.67976141077396 912.25
117.3705441459787 918.25
118.06000085281116 925.25
118.75102975008957 931.25
119.44076764171812 938.25
120.12927463551829 946.25
120.81932269675173 953.25
121.50817581996685 961.25
122.19589698567566 970.25
122.88383723917686 979.25
123.57325313179078 987.25
125.68207337346604 1007.25
126.36614658645054 1017.25
127.05045441524672 1027.25
127.73384652347384 1038.25
128.41638812585268 1050.25
129.09923666038748 1062.25
129.78131584585947 1075.25
130.45342927366266 1098.25
131.11875084908505 1129.25
131.8014957422041 1143.25
132.49010767081273 1151.25
133.19746364698625 1139.25
133.89260980354624 1140.25
134.57653472113802 1153.25
135.258924788745 1168.25
135.94166306582275 1183.25
136.62388003003656 1199.25
137.306463187351 1215.25
137.987777453385 1233.25
138.635198967689 1296.5
139.28400837031018 1364.5
139.96150148549143 1393.25
140.64448753240683 1414.25
141.32905352919565 1433.25
142.00928272717493 1460.25
144.48879030809223 469.5
145.2320554599075 461.25
145.939841050844 459.25
146.65366560246255 456.25
147.30298865024017 464.25
148.04585310246256 456.25
148.79039445890996 448.25
149.44999182079275 454.25
150.27003852101308 434.5
151.09655134747666 415.5
151.8530814050437 407.25
152.58701538306752 402.25
153.47656951877738 378.5
154.3363510602664 360.5
156.55820418596628 349.25
157.3823741365818 337.5
158.15220036952962 331.25
159.0649615449449 313.5
160.0069038031122 295.5
160.71085772041747 295.25
161.4255623602491 294.25
162.15487633181107 292.25
162.8407557273294 293.25
163.70255288972146 282.5
164.4383011280486 280.25
165.21934397820348 275.25
165.75745236319872 285.5
166.56737027613778 278.5
167.33700091774176 274.25
168.1045577282335 270.25
168.85664885378011 267.25
169.48836082364315 271.25
170.13856341774178 274.25
170.8722892408968 272.25
171.6408487491868 268.25
172.42937786118594 263.25
173.240079169782 257.25
173.99758687432117 254.25
174.75646501448927 251.25
175.5167633849847 248.25
176.27853421608236 245.25
177.04183232398108 242.25
177.8067152723959 239.25
178.5732435463851 236.25
179.36448748618247 232.25
180.11149375548968 230.25
180.76526873618246 232.25
181.4426526145042 233.25
182.1202337774614 234.25
182.82062440246142 234.25
183.52101502746143 234.25
184.19879095542902 235.25
184.87675917138512 236.25
186.8616005663257 240.25
187.5211291989811 242.25
188.20233059566303 243.25
188.90467434566304 243.25
189.48374253574403 249.25
190.2265103196876 247.25
190.9493134618651 246.25
191.6311978196876 247.25
192.3132477599847 248.25
192.9754926818577 250.25
193.61888115662376 253.25
194.24476666978202 257.25
194.85936251892457 262.0
195.76689237657015 437.5
196.4708551993653 437.25
197.12855676665302 444.25
197.82463815522536 445.25
198.5778864493653 437.25
198.83359375 0.0
199.5359375 0.0
199.6359659863021 388.5
200.23828125 0.0
200.36524203872887 385.25
201.0759647411377 384.25
202.09941144048366 349.5
203.1476847363021 388.5
203.90222978910867 382.25
204.61308533042964 381.25
205.3325879647298 379.25
206.04357952574472 378.25
206.72867335326183 380.25
207.26171875 0.0
207.3970584911377 384.25
208.04977564901358 390.25
208.69612513721782 397.25
209.19129502493698 425.5
209.80248570106573 439.25
210.9928283508349 374.5
211.64507960326182 380.25
213.65837451577227 395.5
214.143638774937 425.5
215.82717613964974 3576.5
216.54127532344447 3496.5
217.25743225691969 3400.5
217.96778729523638 3362.25
218.20526494673936 255.5
218.6758919152659 3345.25
218.80425431945952 261.25
219.38850041101122 3288.25
219.94375 0.0
220.09911341699265 3250.25
220.65 0.0
220.8117420988455 3196.25
222.131707842437 4211.5
222.76875 0.0
222.8421317203391 4152.0
223.5491665079059 4141.0
224.25328593470428 4171.0
225.07981790763148 2960.5
225.78184047178624 2991.0
226.72605635491172 1893.5
227.43376605118382 1889.25
229.125 0.0
230.96355635491173 1893.5
231.6671613805558 1901.25
232.38272091205374 1874.25
232.66648426115643 276.5
233.0917810994744 1866.25
233.29673520194973 281.25
233.81309726928333 1824.5
233.9756317379783 283.0
235.48125 0.0
237.35266211025314 1802.25
238.07084565085268 1771.25
238.78063898961446 1762.25
239.77012321885266 1757.25
240.46850493926527 1769.25
241.1954879566747 1710.5
241.8375 0.0
241.9016714064844 1703.25
242.54375 0.0
242.60991638070294 1691.25
243.25 0.0
243.31476424905563 1687.25
243.95625 0.0
245.7965551954987 491.5
246.44578884892573 502.25
246.70847446494736 2026.5
247.08675912995935 515.25
247.79455323712472 514.25
248.81148592020412 2048.0
249.5201529921617 2029.25
250.22417425501095 2026.25
250.9321245650923 2010.25
251.73901811161727 1718.5
252.44992591746384 1700.0
254.5811272479566 572.5
254.796875 0.0
255.2090611383923 1835.5
255.29657967837207 569.25
255.5 0.0
255.94389374031422 1752.5
255.99589659898365 570.25
257.3232113537135 1822.5
258.0335339990207 1803.25
258.75211849625924 1763.25
259.4604202155329 1750.25
260.1913868857423 1683.5
260.89505437485576 1682.25
261.5990490390514 1680.25
262.3043572990481 1675.25
263.00660743047627 1677.25
263.68636408017795 1732.5
263.9375 0.0
264.4110052560997 1681.5
265.1297821678914 1646.25
265.8288474557928 1655.25
266.56464282319916 1585.5
270.440741545099 506.5
271.12200718653975 510.25
271.71665917675807 533.25
272.4647343235064 522.25
273.18223536288014 518.25
273.8230473134981 531.25
274.4919894913439 538.25
275.3316608494662 507.25
275.9207035634981 531.25
276.547739926894 548.25
277.56923408985296 1050.5
278.29149461522616 1030.25
279.04120659266187 988.5
279.7878674695287 952.25
280.5176864974018 930.25
281.21406356249344 932.25
281.90203678707803 940.25
282.62538586290844 923.25
282.9921875 0.0
283.34069891077394 912.25
283.69140625 0.0
284.02963114723894 919.25
284.7187192825146 926.25
284.978018112573 1384.5
285.7045194381703 1343.25
286.4352999196827 1298.5
288.1979698488531 612.5
288.90462583293606 610.25
289.6071677182491 609.25
290.3063864682491 609.25
290.99896986100987 611.25
291.70150083293606 610.25
292.41072194540885 607.25
293.05263096681404 967.5
293.12088913268224 604.0
293.7943542126938 936.25
294.5252437895291 914.25
295.25461024094267 894.25
296.51254769024456 636.5
298.70669620397706 617.0
299.4405799459531 608.25
300.16249501061753 603.25
300.88124574250537 599.25
301.60367444481807 594.25
302.32284547990844 590.25
303.03147684155925 589.25
303.7232923538471 593.0
304.44252329306613 589.0
305.1583433069229 586.0
305.8779168729506 582.0
307.03015242852234 662.5
307.3715511039537 1557.5
307.76452192968935 652.25
309.22764880802174 634.5
312.458984375 0.0
315.984375 0.0
316.689453125 0.0
317.39453125 0.0
318.099609375 0.0
318.62109817002954 217.5
318.8046875 0.0
319.33938726915255 217.0
319.509765625 0.0
320.0378522753575 217.25
320.21484375 0.0
320.7429304003575 217.25
321.4480085253575 217.25
322.1530866503575 217.25
322.8318644099684 218.25
323.4914945267012 220.0
324.1965726517012 220.0
327.265625 0.0
327.970703125 0.0
328.67578125 0.0
329.380859375 0.0
330.0859375 0.0
330.791015625 0.0
330.8885817435679 480.5
331.49609375 0.0
331.6713670201077 463.5
332.3726804599075 461.25
333.0785379102392 458.25
333.5625 0.0
333.78462802799294 455.25
334.25078125 0.0
334.4849134060214 453.25
334.9390625 0.0
335.19140169128417 450.25
335.62734375 0.0
335.89195695890993 448.25
336.59262273469847 446.25
337.29969126048286 443.25
337.99429182995334 442.25
338.7017044510657 439.25
339.39642129092107 438.25
340.09766263048306 436.25
340.7990238865042 434.25
343.80889038306753 402.25
344.52819867568337 400.25
345.23986408274016 399.25
345.95156863767437 398.25
346.6476765827402 399.25
347.3056049285119 405.25
349.7878263469074 256.5
350.51550734376053 255.25
351.25794365662375 253.25
351.96184990662374 253.25
352.6852513804556 252.25
353.40880876448927 251.25
354.11271501448925 251.25
354.8166212644893 251.25
355.5205275144893 251.25
356.2244337644893 251.25
356.87467344464415 254.0
357.67704111367317 249.0
358.3609385372064 250.0
359.1050245488152 248.0
359.7887598636732 249.0
0.10907236367319229 249.0
1.5566095656564585 247.0
1.7257812500000114 0.0
2.2961123410823916 245.25
2.97900096186504 246.25
3.708326772510702 245.0
3.8363281250000227 0.0
4.406659216082403 245.25
5.1309715201217045 244.25
5.793063461865074 246.25
6.481218940656447 247.0
7.205235669286083 246.0
7.86791517381522 248.0
11.574999999999989 0.0
11.58644563640479 326.5
17.063626690799747 340.5
17.9375 0.0
18.43392088188561 343.0
18.6359375 0.0
19.334375 0.0
20.0328125 0.0
20.456836899630662 350.0
20.73125 0.0
21.784167946740446 357.0
22.128125 0.0
23.525 0.0
24.2234375 0.0
24.460316668071954 369.5
25.145177059473713 371.0
25.6203125 0.0
27.0171875 0.0
27.715625000000003 0.0
28.4140625 0.0
30.509375 0.0
31.207812500000003 0.0
31.90625 0.0
32.6046875 0.0
33.303125 0.0
33.96410435821511 520.5
34.001562500000006 0.0
34.64554197321539 524.25
34.7 0.0
35.32168921205712 529.25
35.3984375 0.0
35.998255348210805 534.25
36.096875 0.0
36.67948949134386 538.25
36.7953125 0.0
37.35678046834288 543.25
37.493750000000006 0.0
38.030352352577125 549.25
38.1921875 0.0
38.70848136696591 554.25
38.890625 0.0
41.80790809360633 377.5
42.58251217014479 369.25
43.358109729453965 361.25
44.127175058918986 354.25
44.909317429148615 346.25
45.67372823475192 340.25
46.451571222534206 333.25
47.22108481686813 327.25
47.993163960560025 321.25
48.755490737799136 316.25
49.48482087011647 314.0
52.32548621860633 377.5
54.244140625 0.0
54.9453125 0.0
55.646484375 0.0
56.34765625 0.0
57.75 0.0
58.451171875 0.0
59.15234375 0.0
59.853515625 0.0
60.5546875 0.0
61.13313916832959 416.5
61.255859375 0.0
61.95703125 0.0
62.01632428606498 392.5
62.658203125 0.0
62.67188113767433 398.25
63.17371689993697 425.5
63.359375 0.0
63.93425851918656 417.0
64.060546875 0.0
64.6142007172006 420.0
64.76171875 0.0
65.28065882772204 425.0
65.462890625 0.0
67.6716611749945 317.5
68.37591728713504 317.25
69.06478142944869 318.25
71.19232026649976 319.0
71.61337287893853 426.5
71.86883248814746 321.0
72.29554082680485 429.25
72.96308638650413 434.25
73.64429269936531 437.25
74.33377933756513 439.0
78.51609968326692 590.5
79.2798648829701 573.25
80.05860733242521 553.25
80.21796875 0.0
80.82274467665826 538.0
80.91875 0.0
80.96980105899827 208.5
81.61953125 0.0
81.64913828735767 209.25
82.3203125 0.0
83.1739459199449 313.5
83.18431607920328 483.5
84.65243499576115 471.25
85.37712665883335 467.0
85.43566388120915 616.5
86.1804637606175 603.25
86.92991434155925 589.25
87.68174305953768 575.25
87.9265625 0.0
88.39757065347278 571.25
89.19740410856504 546.25
89.328125 0.0
89.92757243939323 539.25
90.63689121846318 537.25
91.32488997387311 540.25
92.02991618939323 539.25
92.66461998250473 555.25
93.36540123250472 555.25
94.04631028316462 560.25
94.72757226022125 565.25
95.40538315347278 571.25
96.0873892371801 576.25
98.16394845470552 588.25
98.84080592293519 595.25
99.52165223883496 601.25
100.19956432095312 608.25
100.87801653941641 615.25
101.55699060667699 622.25
102.23335437671409 630.25
102.91035209926306 638.25
103.58500763477723 647.25
104.49276942785002 874.5
105.1899134272497 877.25
105.88509838352049 881.25
106.58191569721218 884.25
107.28033263723323 886.25
107.97564653604344 890.25
108.69293732023984 880.25
109.41385336496711 868.25
110.11378260202702 869.25
110.3765625 0.0
110.81046784676782 872.25
111.50557943677153 876.25
112.19916088352048 881.25
112.89440363557488 885.25
113.58814653604344 890.25
114.2789084167641 897.25
114.99282840145663 889.25
115.7133509272497 877.25
116.36696080465794 908.25
117.05814608530575 915.25
117.74948932307962 922.25
118.44241546082934 928.25
119.13404263460818 935.25
119.82581782238461 942.25
120.51773774155996 949.25
121.20711018717255 958.25
121.899349105249 965.25
122.58912152337501 974.25
123.27911033513062 983.25
123.96805980481126 993.25
126.08228334236829 1012.25
126.768427855215 1022.25
127.45480354979905 1032.25
128.13801257017664 1045.25
128.8226876212577 1057.25
129.50766353389363 1069.25
130.1908278392118 1083.25
130.85626375543748 1115.25
131.53010980354622 1140.25
132.2206354838768 1148.25
132.94351921173242 1122.25
133.61859966781327 1146.25
134.3157105088108 1147.25
134.99991059496242 1162.25
135.6853531362222 1176.25
136.37022484965277 1191.25
137.0537361969792 1208.25
137.7376517619713 1225.25
138.41404505399564 1252.25
139.0386001798529 1353.5
139.71903479683561 1380.25
140.39936449895995 1408.25
141.08699478817616 1425.25
141.7707526992786 1449.25
144.2742093875534 464.5
145.02046247746256 456.25
145.74251796039204 452.25
146.45272981628415 450.25
147.14468066218876 451.25
147.80080353523925 458.25
148.54077441218877 451.25
149.28836313548283 443.25
149.98011926665302 444.25
150.76890973683123 430.25
151.57100355691622 415.25
152.31281477031916 409.25
152.99613098930564 411.25
153.7693064977381 401.25
154.79782563405 362.5
157.14956419079974 340.5
157.9273524725342 333.25
158.88611851739142 311.5
159.8730906857123 290.5
160.59003063099203 289.25
161.28846813099204 289.25
162.0472085416209 285.25
162.7002611930379 288.25
163.51793810655448 280.5
164.2846194615275 276.25
164.90298520194972 281.25
165.7102120869656 274.5
166.47994835323348 270.25
167.26520619626368 265.25
168.0538162767468 260.25
168.67984142868784 264.25
169.39617473618594 263.25
170.21907634690746 256.5
171.05874253574405 249.25
171.8594871451217 244.25
172.6645277723959 239.25
173.45152533042904 235.25
174.21839373618246 232.25
174.98706103875938 229.25
175.80674211949847 224.25
176.7042220087883 216.5
177.57391013495882 210.25
178.30070078735767 209.25
178.94270142961915 211.25
179.55846675577877 214.25
180.22986094806825 215.25
180.90150623606124 216.25
181.57339915035752 217.25
182.2455362849684 218.25
182.9702741503575 217.25
183.56494237205806 221.25
184.1879921194985 224.25
185.01322679587912 219.25
185.7377237849684 218.25
187.84291429587913 219.25
188.51904552465058 220.25
189.17005479676692 222.25
189.82197649449847 224.25
190.4505405258022 227.25
191.04019217297537 232.0
191.71426277742552 268.5
192.38619835323348 270.25
194.39921875 0.0
194.51173388158722 206.5
195.1918247875591 207.25
195.83624766235766 209.25
196.50984763495882 210.25
197.2118007599588 210.25
197.88567017961915 211.25
198.58762330461914 211.25
199.20690425577877 214.25
199.85502186106123 216.25
200.42666112205805 221.25
200.90249736853286 230.5
201.42309300586882 238.5
202.12578837616772 275.5
202.76709002984273 279.25
203.341205676833 287.5
203.98745644773751 291.25
204.63156084541745 295.25
204.928515625 0.0
205.22241671704268 303.25
207.73405159800237 210.5
208.50003039420466 208.25
209.26007237594797 206.25
209.96202550094796 206.25
210.60588976920465 208.25
211.27921641235767 209.25
211.89691461187337 212.25
213.0657246986126 294.5
215.03127577726585 301.25
215.70874484204268 303.25
216.39995797020592 304.25
218.81730719647058 214.5
219.47494373606122 216.25
220.0749048996506 220.25
220.75400487205806 221.25
221.3833046194985 224.25
221.92555851006094 231.0
222.29105798003437 246.5
225.42643519790215 3054.5
225.96875 0.0
226.37727635013724 1894.5
226.6734375 0.0
227.08342200185012 1890.25
227.378125 0.0
227.78605283729274 1896.25
228.0828125 0.0
228.7875 0.0
229.4921875 0.0
230.196875 0.0
230.9015625 0.0
231.30838174352843 1899.5
231.60625 0.0
232.01830428364926 1884.25
232.24918810655447 280.5
232.3109375 0.0
232.72717120413736 1872.25
233.00587294150475 277.25
233.43930326198426 1851.25
233.5656821167405 286.5
234.16997885420614 1781.5
234.3240692379783 283.0
236.96553106900993 1843.5
237.69302937233866 1782.5
238.4040597073744 1766.25
240.54899349625924 1763.25
241.27244108167469 1710.5
241.9770292517833 1704.25
242.68409631328782 1692.25
243.3886337453595 1686.25
244.08257139971533 1705.0
246.06525685032628 2056.5
246.53044703600875 499.5
246.7831645735442 2003.0
247.16135011212472 514.25
247.48634492547373 1999.0
248.87878738207294 2037.0
249.58634295853358 2018.25
250.28920216360393 2015.25
250.9926714400923 2010.25
251.79839311161726 1718.5
252.50558636486576 1706.0
253.21008216746387 1700.0
255.26184812100436 1837.5
255.35148577491773 569.5
255.565234375 0.0
255.9934476679605 1759.5
256.0505840989836 570.25
257.3732113537135 1822.5
258.08160716017653 1805.25
258.8012601679605 1759.5
259.5045057975916 1756.25
260.23496883010864 1687.5
260.9391949998558 1682.25
261.64114812485576 1682.25
262.34571647837674 1676.25
263.04766960337673 1676.25
263.7270476803124 1729.5
263.988671875 0.0
264.44636401534876 1688.25
265.16677817282516 1646.5
265.86523384988567 1654.25
266.5955158552602 1593.5
267.35860856256807 1476.5
269.65584987479735 507.5
270.87117060463663 511.25
271.5164576036015 523.25
272.172909176758 533.25
272.9454440481403 517.25
273.6233280735064 522.25
274.2537082413439 538.25
275.09494209946615 507.25
275.7625219871247 514.25
276.34331700670293 541.25
277.014927426894 548.25
277.32599918166767 1063.5
278.05494027347385 1038.25
278.7790200509415 1018.25
279.5498707249132 962.5
280.2893590770498 934.25
280.9873229626938 936.25
281.68390072339577 939.25
282.3987994393331 929.25
283.12281347779765 913.25
283.4609375 0.0
283.8206460853058 915.25
284.508316792888 924.25
285.19482782704983 934.25
285.48208840733344 1361.5
286.21375247248426 1316.5
286.94118137225774 1280.0
288.6950185044501 611.5
289.3999383329361 610.25
290.1073768209531 608.25
290.7981886110099 611.25
291.49896986100987 611.25
292.2063864682491 609.25
292.8412178893888 980.5
292.9172031463368 606.25
293.5779164467518 953.25
294.3178133528112 925.25
295.0540621712315 901.25
295.77174028604344 890.25
297.0342373398809 633.5
299.24446958293606 610.25
299.9604142288202 605.25
300.673214738835 601.25
301.38966791334207 596.25
302.1028845145728 592.25
302.8162922047055 588.25
303.49517467013135 594.0
304.20495409828 591.0
304.91842230625434 587.0
305.62845673700485 584.0
306.3240578876557 585.0
306.7706365175363 664.5
307.1925545809551 1403.5
307.49035329337937 657.25
308.9470037628312 637.5
309.6623109423554 632.25
316.40625 0.0
317.10546875 0.0
317.8046875 0.0
318.50390625 0.0
319.00195754502954 217.5
319.203125 0.0
319.7077741503575 217.25
319.90234375 0.0
320.4069929003575 217.25
320.6015625 0.0
321.1062116503575 217.25
321.8054304003575 217.25
322.4783487849684 218.25
323.15150804587915 219.25
323.8313382767012 220.0
326.89453125 0.0
327.59375 0.0
328.29296875 0.0
328.9921875 0.0
329.69140625 0.0
330.390625 0.0
331.08984375 0.0
331.3065309155317 466.5
331.7890625 0.0
332.01452889453765 462.25
332.715622300844 459.25
333.4110106205789 457.25
333.921875 0.0
334.11249182079274 454.25
334.60546875 0.0
334.80814296039205 452.25
335.2890625 0.0
335.5100249791569 449.25
335.97265625 0.0
336.2059478152885 447.25
336.9019819052254 445.25
337.59812876048284 443.25
338.29438992005976 441.25
338.9907669510657 439.25
339.6872614493653 437.25
340.38387504023996 435.25
341.0806093790685 433.25
344.1446971227381 401.25
344.8559330506834 400.25
345.57500613767434 398.25
346.27852176267436 398.25
346.95875962273806 401.25
349.3725328610917 258.5
350.11834390347764 256.25
350.86008687432115 254.25
351.58294365662374 253.25
352.3059545054556 252.25
353.0094701304556 252.25
353.71298575545563 252.25
354.43615251448927 251.25
355.1396681394893 251.25
355.84318376448925 251.25
356.50755303162373 253.25
357.177321644726 255.0
357.9985254886732 249.0
359.38554791220633 250.0
1.2152354122063684 250.0
2.016034216082403 245.25
2.7203310910823575 245.25
3.4040009618650515 246.25
3.5546875 0.0
4.12892484108238 245.25
4.854018395121727 244.25
5.537518591082403 245.25
6.22118846186504 246.25
6.951295522510691 245.0
7.594087048815197 248.0
8.359889272510713 245.0
12.006250000000023 0.0
12.01076512919201 327.5
18.133338874119264 343.5
18.359375 0.0
18.823397258909754 344.0
19.0546875 0.0
19.75 0.0
20.4453125 0.0
21.140625 0.0
21.487901059346267 355.5
21.8359375 0.0
23.921875 0.0
24.6171875 0.0
24.82312798902222 370.5
25.3125 0.0
25.50493677198758 372.0
26.703125 0.0
27.3984375 0.0
28.09375 0.0
28.7890625 0.0
30.875 0.0
31.5703125 0.0
32.265625 0.0
32.9609375 0.0
33.43643698852485 424.5
33.65625 0.0
34.28000726248664 522.5
34.3515625 0.0
34.958449834228254 526.25
35.046875 0.0
35.63164106349805 531.25
35.7421875 0.0
36.30524646015327 536.25
36.4375 0.0
36.97925450670296 541.25
37.1328125 0.0
37.65365410856503 546.25
37.828125 0.0
38.328434574841694 551.25
38.999596891512645 557.25
39.21875 0.0
42.220329477354184 373.25
42.99275302963794 365.25
43.758755481727455 358.25
44.53750821357282 350.25
45.30940919971389 343.25
46.07338315852935 337.25
46.83970036952962 331.25
47.620271325564644 324.25
48.37989492727097 319.25
49.128893153284245 315.25
52.04859791807195 369.5
53.90234375 0.0
54.601953125 0.0
55.3015625 0.0
56.001171875 0.0
57.400390625 0.0
58.1 0.0
58.799609375 0.0
59.49921875 0.0
60.198828125 0.0
60.77194197247667 415.5
60.8984375 0.0
61.598046875 0.0
61.63837315398913 393.5
62.29765625 0.0
62.33998599704911 393.25
62.849386711068654 418.5
62.997265625 0.0
63.531410449248625 421.0
63.696875 0.0
64.25214794640421 418.0
64.396484375 0.0
64.92365355022976 422.0
65.09609375 0.0
65.61632040761815 423.0
67.99041117499449 317.5
68.68079705444869 318.25
69.36817617727097 319.25
71.22354636352485 424.5
71.4770226462959 320.0
71.91273321064872 426.25
72.5735536046728 432.25
73.24844388048308 436.25
73.93665566592107 438.25
74.62658454134034 440.0
78.84679713915641 582.5
79.61660458257153 564.25
80.39413400759416 545.25
80.517578125 0.0
81.21875 0.0
81.27097293399827 208.5
81.919921875 0.0
81.95783162990077 209.0
82.62109375 0.0
82.76643584570103 487.5
83.4275205499945 317.5
83.5344287934225 475.0
84.22876003644299 476.25
84.97434580830904 468.25
85.01151935092317 625.5
85.75873548600987 611.25
86.5107616633421 596.25
86.828125 0.0
87.26177067572176 582.25
88.00003927143791 572.25
88.7835126998417 551.25
89.51771796834288 543.25
90.2529146814863 535.25
90.93694743939324 539.25
91.62964513170296 541.25
92.29753985257713 549.25
92.9784032419659 554.25
93.66756564151264 557.25
94.34900762688598 562.25
95.02696371253667 568.25
95.70540679364885 574.25
96.38799906317504 579.25
98.47788451457278 592.25
99.16203631931062 598.25
99.8432267288202 605.25
100.52496537382032 612.25
101.20723360248314 619.25
101.89001359925058 626.25
102.57021299803645 634.25
103.25403326550462 641.25
103.92953854008617 651.25
104.15258619775597 873.5
104.85323568677153 876.25
105.55511045466255 878.25
106.25382555896748 882.25
106.95416926057487 885.25
107.65454503217225 888.25
108.35031336594267 894.25
109.09340310333437 870.25
109.80011072702702 869.25
110.50193360589333 871.25
111.20215686701577 874.25
111.89921738148269 879.25
112.5979469592798 883.25
113.29673394010743 887.25
113.99093836594267 894.25
114.68683113972742 900.25
115.43101474581272 875.25
116.10926205372363 892.25
116.78405828577397 912.25
117.47884989723897 919.25
118.17379740751458 926.25
118.87031356249341 932.25
119.56414616207805 940.25
120.26091526051829 946.25
120.95507765119716 954.25
121.64942202206018 962.25
122.34394386067567 970.25
123.03735286417687 979.25
123.73097495535612 988.25
124.42356704482384 998.25
126.46573880094148 1018.25
127.15475721284264 1028.25
127.84172231564031 1040.25
128.53011653009904 1051.25
129.21767767050505 1063.25
129.9034086029917 1077.25
130.58335719236985 1097.25
131.25234459908506 1129.25
131.94260980354622 1140.25
132.638677965174 1145.25
133.34322637452053 1141.25
134.0421207422041 1143.25
134.72987684210523 1157.25
135.41794501641874 1171.25
136.1054388415291 1186.25
136.79326523046961 1201.25
137.47892231396042 1219.25
138.16341532072474 1239.25
138.79471996182104 1332.5
139.47006942823063 1370.25
140.15161973299135 1400.25
140.84186552316297 1417.25
141.5287895250268 1440.25
142.21500287616618 1465.25
144.75946773035494 459.5
145.49139807079274 454.25
146.19819465602143 453.25
146.91108691218878 451.25
147.5758543705789 457.25
148.28257185246255 456.25
149.05041940522537 445.25
149.7700730799533 442.25
150.47720242005977 441.25
151.29567399947837 423.5
152.06904356889987 413.25
152.7917595314507 410.25
153.44898897215828 416.25
154.329996161065 392.5
155.3113510602664 360.5
157.6738245063713 338.25
158.4277430975342 333.25
159.49208663390223 303.5
160.37426256071228 290.5
161.07677836328207 290.25
161.83548966846607 286.25
162.51918988146755 287.25
163.20299556803792 288.25
164.0092352019497 281.25
164.73974627984273 279.25
165.40689145194972 281.25
166.20215647820348 275.25
166.9846358532335 270.25
167.77028432126366 265.25
168.5409730694595 261.25
169.15031438246706 266.25
169.90242473618594 263.25
170.72571697190747 256.5
171.5458051818577 250.25
172.34611234108235 245.25
173.1506630663257 240.25
173.93730604638512 236.25
174.68117127746143 234.25
175.47243125548965 230.25
176.2914359628681 225.25
177.2139876337883 216.5
178.02816461187336 212.25
178.72699273687337 212.25
179.37096675577877 214.25
180.01595936106122 216.25
180.66194253496838 218.25
181.33471117087913 219.25
182.03353929587914 219.25
182.73236742087911 219.25
183.40537364965058 220.25
183.95408327182125 226.25
184.72695781404317 223.25
185.5018580246506 220.25
186.20068614965058 220.25
188.2817735467669 222.25
188.95977031404317 223.25
189.58884889682125 226.25
190.21987353875937 229.25
190.8354950813672 233.0
191.45022545902248 273.5
193.5451495275405 209.5
194.21875 0.0
194.2270351349588 210.25
194.87425836187336 212.25
195.57738336187336 212.25
196.28050836187336 212.25
196.95607719348166 213.25
197.60486094806825 215.25
198.25464915035752 217.25
198.90541429587913 219.25
199.758431640754 281.5
200.4812698780486 280.25
201.1219257541923 284.25
201.8097085416209 285.25
201.953125 0.0
202.48247113146755 287.25
202.65625 0.0
203.12612832273751 291.25
203.7857186102491 294.25
204.39065077726585 301.25
206.63331167443923 219.5
207.44861094806825 215.25
208.17877925577878 214.25
208.90920219348166 213.25
209.58502925577878 214.25
210.23431873606123 216.25
210.88459878496838 218.25
211.46603115651703 223.0
212.24850480189028 292.5
212.89781268633826 296.25
213.54502164286745 300.25
215.65824631268396 302.25
216.44664081133826 296.25
218.7003157587883 216.5
219.38550852535752 217.25
219.98681737205806 221.25
220.64141093904317 223.25
221.2969047128681 225.25
221.8064631027184 233.5
222.1100505304337 252.5
225.37716204182965 2999.5
225.908203125 0.0
226.31931924352844 1899.5
226.61328125 0.0
227.02687562069693 1892.25
227.318359375 0.0
227.73092595909387 1895.25
228.0234375 0.0
228.728515625 0.0
229.43359375 0.0
230.138671875 0.0
230.84375 0.0
231.2555478800064 1897.5
231.548828125 0.0
231.96353962051705 1889.0
232.178353515754 281.5
232.25390625 0.0
232.6747875373637 1871.25
232.96743196152752 276.25
233.38552848814524 1855.25
233.52659298819873 285.5
234.11648040656993 1785.5
234.2701629879783 283.0
236.91190227719406 1852.5
237.64264282509765 1783.5
238.35366337481395 1768.25
239.06309196885266 1757.25
241.2275790702005 1708.5
241.93129384446877 1705.25
242.63917443828782 1692.25
243.34367049905563 1687.25
245.8195673824594 492.5
246.49291239533977 498.25
246.73587694860214 2018.5
247.11799073712473 514.25
247.8250218635702 513.25
248.83502206308154 2045.0
249.54412341436847 2022.25
250.2473696559613 2019.25
250.95243706509228 2010.25
251.75896576046284 1717.5
252.4674023354792 1703.0
253.17101966746387 1700.0
254.82109375 0.0
255.22323044042602 1839.5
255.3128138999177 569.5
255.5234375 0.0
255.95239325546552 1768.5
256.0123028489836 570.25
257.3368627554827 1821.5
258.0433989350263 1810.25
258.76492593579206 1760.5
259.4673688265088 1760.25
260.19852004647174 1690.5
260.9052990390514 1680.25
261.60590552941596 1684.25
262.31129493047627 1677.25
263.01407585337677 1676.25
263.69507931342986 1726.5
263.9515625 0.0
264.4109733267356 1694.25
265.13435629782515 1646.5
265.8336520379192 1653.25
266.56098138210655 1599.5
267.32679490021815 1477.5
269.62019596515245 508.5
270.3094518546366 511.25
271.13679560463663 511.25
271.7263402101533 536.25
272.50879786288016 518.25
273.2157565481403 517.25
273.846346676758 533.25
274.5314224684632 537.25
275.3699420994662 507.25
275.9621098134981 531.25
276.5881648525771 549.25
277.625376362788 1048.5
278.34968728171225 1029.25
279.1026247535897 987.5
279.8511487195287 952.25
280.5840927474018 930.25
281.28359481249345 932.25
281.9760882233958 939.25
282.7040646836533 921.25
283.03984375 0.0
283.4196051607739 912.25
283.7421875 0.0
284.11166239723894 919.25
284.80244082187915 927.25
285.06887342180374 1380.5
285.7984894108349 1339.5
286.531292717689 1296.5
288.2956260988531 612.5
289.0054070829361 610.25
289.71107396824914 609.25
290.41009458293604 610.25
291.10912611100986 611.25
291.81478208293606 610.25
292.52712819540886 607.25
293.18057351658393 963.5
293.24381296446234 603.0
293.92154263460816 935.25
294.6556259777976 913.25
295.38818441324963 893.25
296.65075748177367 635.5
297.37006961499713 630.0
299.52009694540885 607.25
300.23710438561756 603.25
300.9577394443106 598.25
301.6751588198181 594.25
302.3927673549084 590.25
303.09983621655925 589.25
303.79008922884714 593.0
304.5077576680661 589.0
305.2220151819229 586.0
305.9400262479506 582.0
307.08913680352236 662.5
307.4309741648125 1550.5
307.82194380468934 652.25
309.2819456830217 634.5
312.51953125 0.0
316.037109375 0.0
316.740625 0.0
317.444140625 0.0
318.14765625 0.0
318.6366552098269 218.5
318.851171875 0.0
319.37962164415256 217.0
319.5546875 0.0
320.0765241503575 217.25
320.258203125 0.0
320.7800397753575 217.25
321.48355540035755 217.25
322.1870710253575 217.25
322.8642862849684 218.25
323.5223539017012 220.0
324.2258695267012 220.0
327.293359375 0.0
327.996875 0.0
328.700390625 0.0
329.40390625 0.0
330.107421875 0.0
330.8109375 0.0
330.9730751295662 481.5
331.514453125 0.0
331.7492093875534 464.5
332.21796875 0.0
332.4500242099075 461.25
333.14963166023927 458.25
333.8494717779929 455.25
334.359375 0.0
334.5435071560214 453.25
335.04140625 0.0
335.2376494121888 451.25
335.7234375 0.0
335.93805070890994 448.25
336.6324664846985 446.25
337.326994266653 444.25
338.02163557995334 442.25
338.7163919775742 440.25
339.4112650409211 438.25
340.1062563804831 436.25
340.80136763650415 434.25
341.4899843790685 433.25
344.5586674256834 400.25
345.2707234577402 399.25
345.98281863767437 398.25
346.6871155126743 398.25
347.35280941872753 403.25
349.82024822190743 256.5
350.54831984376057 255.25
351.2718056243212 254.25
351.9954436566237 253.25
352.7192357554556 252.25
353.4431837644893 251.25
354.1474806394893 251.25
354.8517775144893 251.25
355.55607438948925 251.25
356.26037126448927 251.25
356.891774769726 255.0
357.65421197472136 252.0
358.4180567386732 249.0
359.1425245488152 248.0
359.8266504886732 249.0
0.16830579881519725 248.0
1.5995783156564585 247.0
1.7609375000000114 0.0
2.3410342160823916 245.25
3.02587596186504 246.25
3.757154897510702 245.0
3.8773437500000227 0.0
4.457440466082403 245.25
5.1837058951217045 244.25
5.847750961865074 246.25
6.537859565656447 247.0
7.263829419286083 246.0
7.948797065656493 247.0
11.637499999999989 0.0
11.66066438640479 326.5
12.342968750000011 0.0
17.115447439022844 341.5
18.0 0.0
18.485897258909755 344.0
18.6984375 0.0
19.396875 0.0
19.83106309198216 349.0
20.0953125 0.0
20.509231399219637 351.0
20.79375 0.0
21.19762109303452 352.0
21.846667946740446 357.0
22.190625 0.0
23.5875 0.0
24.53192977466729 368.5
25.198686771987582 372.0
27.0796875 0.0
27.778125000000003 0.0
28.4765625 0.0
30.571875 0.0
31.270312500000003 0.0
31.96875 0.0
32.6671875 0.0
33.365625 0.0
34.02660435821511 520.5
34.064062500000006 0.0
34.70804197321539 524.25
34.7625 0.0
35.38418921205712 529.25
35.4609375 0.0
36.060755348210805 534.25
36.159375 0.0
36.74198949134386 538.25
36.8578125 0.0
37.41928046834288 543.25
37.556250000000006 0.0
38.09695867689402 548.25
38.2546875 0.0
38.77098136696591 554.25
38.953125 0.0
41.87040809360633 377.5
42.64384029514479 369.25
43.41826597945396 361.25
44.18615943391899 354.25
44.96712992914861 346.25
45.73036885975192 340.25
46.4958893804942 334.25
47.27538169186813 327.25
48.03428681665537 322.25
48.80744386279913 316.25
49.523037433834105 315.0
52.361725768777376 378.5
54.29375 0.0
54.99375 0.0
55.69375 0.0
56.39375 0.0
57.79375 0.0
58.49375 0.0
59.19375 0.0
59.89375 0.0
60.59375 0.0
61.15569895551883 417.5
61.29375 0.0
61.99375 0.0
62.0529103784317 391.5
62.693749999999994 0.0
62.71494013110605 396.25
63.21364274947838 423.5
63.39375 0.0
63.95214794640421 418.0
64.09375 0.0
64.6380288422006 420.0
64.79375 0.0
65.30331507772203 425.0
65.49375 0.0
67.6919736749945 317.5
68.39505791213504 317.25
69.08275017944868 318.25
71.20489492727097 319.25
71.63348252493697 425.5
71.87126470461756 322.0
72.31439089170425 428.25
72.97402388650414 434.25
73.65405832436531 437.25
74.34237308756512 439.0
78.50240933337588 594.5
79.27158680953768 575.25
80.04460122513363 556.25
80.225390625 0.0
80.81429118939323 539.25
80.925 0.0
80.97253543399826 208.5
81.624609375 0.0
81.65070078735768 209.25
82.32421875 0.0
83.16712938849984 485.5
83.1696490449449 313.5
84.64345062076114 471.25
85.36697040883335 467.0
85.41785585851726 618.5
86.1611954788202 605.25
86.91268922990845 590.25
87.65945463359532 577.25
87.92109375 0.0
88.38534972398365 570.25
89.18021660856503 546.25
89.3203125 0.0
89.90496809887311 540.25
90.61735996846318 537.25
91.3041868488731 540.25
92.00379622387311 540.25
92.63756997513363 556.25
93.34520011696591 554.25
94.02091965816462 560.25
94.70100976022124 565.25
95.38144347398365 570.25
96.0584829871801 576.25
98.14832345470552 588.25
98.82594006981807 594.25
99.50398231824943 600.25
100.17908132040884 607.25
100.85472314080218 614.25
101.52769373167699 622.25
102.20443780121198 629.25
102.87862322084432 637.25
103.55046015664716 646.25
104.44980067785002 874.5
105.14421030224972 877.25
105.83824982023984 880.25
106.53232195927978 883.25
107.22642638723322 886.25
107.91900591104344 890.25
108.62447505342122 886.0
109.35011072702702 869.25
110.04893885202702 869.25
110.336328125 0.0
110.74288972176781 872.25
111.43526693677153 876.25
112.12611400852049 881.25
112.82019694721218 884.25
113.51118777645664 889.25
114.1991910042739 896.25
114.90418392872363 892.25
115.62823568677153 876.25
116.28200432400733 905.25
116.9674312895291 914.25
117.6545674480796 922.25
118.34475921082934 928.25
119.03365200960819 935.25
119.7226928223846 942.25
120.41187836655996 949.25
121.09985953825897 957.25
121.78934461083114 964.25
122.47635823630041 973.25
123.16358892478078 982.25
123.85103074963317 991.25
125.94286155825208 1011.25
126.63054507593407 1021.25
127.31961961522616 1030.25
128.00433368860365 1043.25
128.6905200875866 1055.25
129.3780911254978 1066.25
130.0627344093905 1080.25
130.74264384318172 1099.25
131.40865315760894 1133.25
132.0959434178133 1146.25
132.8155947090797 1125.25
133.48679633104646 1155.25
134.19477154281327 1146.25
134.88142360078427 1160.25
135.56838531329544 1174.25
136.25477479273837 1189.25
136.9397999477532 1206.25
137.62523133883505 1223.25
138.30548409695004 1247.25
138.92968148396048 1350.5
139.611600875796 1377.25
140.29279406882483 1406.25
140.98135063203318 1424.25
141.66723781181534 1447.25
142.35142732059026 1474.0
144.89384982199846 460.5
145.61850935246255 456.25
146.33006994579273 454.25
147.01772810246257 456.25
147.68210701953765 462.25
148.44702441218877 451.25
149.18362253022536 445.25
149.86461320890996 448.25
150.67817482524723 430.5
151.47633272215828 416.25
152.22687727031916 409.25
152.9639539446309 404.25
153.76345725343168 391.5
154.70715730079417 363.5
157.0134709689995 344.5
157.80113188088302 336.25
158.55610661952963 331.25
159.70924755311222 295.5
160.4407557273294 293.25
161.15448570681107 292.25
161.92778363146755 287.25
162.55292320681107 292.25
163.38350378891283 283.5
164.1021566656554 282.25
164.81704770194972 281.25
165.51626645194972 281.25
166.29555696152752 276.25
167.07781394864315 271.25
167.8457113537801 267.25
168.61570598618593 263.25
169.26164250746706 266.25
169.97848744626367 265.25
170.81897351826683 257.5
171.67326655893436 249.5
172.45900296608235 245.25
173.2639443163257 240.25
174.0509779213851 236.25
174.8180432395042 233.25
175.56347533064195 231.25
176.4062797128681 225.25
177.2311548996506 220.25
177.98225503496838 218.25
178.73431873606123 216.25
179.43353748606123 216.25
180.07991128496838 218.25
180.7272486496506 220.25
181.40087987205806 221.25
182.0747422967669 222.25
182.72392961949848 224.25
183.44805156404317 223.25
184.0976859628681 225.25
184.65331908064195 231.25
185.4474155258022 227.25
187.65361711949848 224.25
188.3332328378681 225.25
188.9888217758022 227.25
189.64526416375938 229.25
190.30253783064194 231.25
190.93781190246142 234.25
191.53638179481743 239.0
192.89117303619471 212.5
193.63020142961915 211.25
194.27912406848165 213.25
194.95612300577878 214.25
195.6604198807788 214.25
196.36471675577877 214.25
197.04197032306826 215.25
197.71947498606121 216.25
198.37092690996838 218.25
198.99775487205807 221.25
199.60813247304702 225.0
200.19198733649623 230.0
200.62575060655448 280.5
201.28698620039003 283.25
201.94525529346606 286.25
202.5458338523294 293.25
203.22140459541745 295.25
203.506640625 0.0
203.81460421704267 303.25
204.3975694178921 312.5
205.03001580444868 318.25
205.66206820056465 324.25
208.61535124480076 204.5
209.51200387726834 198.25
210.28045115624965 196.25
210.95250968131958 197.25
211.59330383470558 199.25
212.2663266168487 200.25
212.93966125711876 201.25
213.50100683440945 206.0
215.21621603693285 291.5
215.92495644773751 291.25
216.183984375 0.0
216.5864998602491 294.25
216.88828125 0.0
219.0041339025405 209.5
219.6879726349588 210.25
220.28229488077878 214.25
220.98737300577878 214.25
221.55971117087913 219.25
222.42481156439143 242.5
224.609375 0.0
225.71551266560854 1929.5
226.01953125 0.0
226.43312562069693 1892.25
226.724609375 0.0
227.13923480118382 1889.25
227.4296875 0.0
227.84088876007564 1899.25
228.134765625 0.0
228.83984375 0.0
229.544921875 0.0
230.25 0.0
230.955078125 0.0
231.36585390166317 1900.5
231.66015625 0.0
232.07963695199558 1875.25
232.30543810655448 280.5
232.365234375 0.0
232.78646674618247 1870.25
233.03037127984274 279.25
233.49972486749922 1847.25
233.6227133667405 286.5
234.23363955104043 1770.5
234.36601264644537 284.0
237.03046958862402 1832.5
237.75590803991017 1778.5
238.4657784573744 1766.25
240.6413363976019 1728.0
241.35067111311034 1710.25
242.05557765648442 1703.25
242.76351116832703 1689.25
243.46632674905564 1687.25
244.15900923196077 1709.0
246.14630054374203 2046.5
246.574335295099 506.5
246.86205601445823 2000.5
247.23947511212472 514.25
248.95861945639822 2031.25
249.66356457182246 2021.25
250.36642108353357 2018.25
251.06958291590112 2014.25
251.87651811161726 1718.5
252.58540448814833 1702.0
254.71628349795662 572.5
254.94140625 0.0
255.341797713624 1832.5
255.43056405337208 569.25
255.643359375 0.0
256.1249144034728 571.25
257.4521697679874 1820.25
258.1620020945986 1799.25
258.87671595737436 1766.25
259.58784908518237 1743.25
260.31525831244227 1682.5
261.016452404416 1684.25
261.7201427890514 1680.25
262.4242791740481 1675.25
263.12579460337673 1676.25
263.36484375 0.0
263.8031242568654 1734.5
264.066796875 0.0
264.53046716443424 1674.5
265.24456326943994 1647.25
265.9424616046539 1656.25
266.67900333454213 1582.5
267.4384291484113 1473.5
271.13679560463663 511.25
271.7283053064863 535.25
272.5087252981403 517.25
273.20872529814034 517.25
273.8457035634981 531.25
274.5197037184632 537.25
275.35587959946616 507.25
275.9500943080252 530.25
276.56941485257715 549.25
277.59847603343115 1049.5
278.32040086522613 1030.25
279.06869189703326 990.25
279.8196963535456 951.25
280.5475141250896 931.25
281.2460948124934 932.25
281.934849287078 940.25
282.66042682307966 922.25
283.01875 0.0
283.37507391077395 912.25
283.71875 0.0
284.06478739723894 919.25
284.7546567825146 926.25
285.014736862573 1384.5
285.7418490331998 1343.5
286.47285208617484 1299.5
288.2403310044501 611.5
288.94446958293605 610.25
289.6477927182491 609.25
290.34779271824914 609.25
291.0411573610099 611.25
291.74446958293606 610.25
292.4511268209531 608.25
293.0953167174864 969.5
293.1654203826822 604.0
293.8390438016142 937.25
294.5721187895291 914.25
295.30226649094266 894.25
296.5640387317736 635.5
297.2810071149972 630.0
298.0190812615481 618.0
299.9018204788202 605.25
300.616964738835 601.25
301.33576166334205 596.25
302.0513220145728 592.25
302.76350809155923 589.25
303.4448031983669 595.0
304.15689068469896 592.0
304.87265419753163 588.0
305.58861298700486 584.0
306.2865578876557 585.0
306.7354802675363 664.5
307.170278594784 1390.5
307.4575407933794 657.25
308.91584440421684 638.5
309.6365296923554 632.25
316.3828125 0.0
317.084375 0.0
317.7859375 0.0
318.4875 0.0
318.99492629502953 217.5
319.1890625 0.0
319.70308665035753 217.25
319.890625 0.0
320.4046491503575 217.25
320.5921875 0.0
321.1062116503575 217.25
321.80777415035755 217.25
322.48303628496836 218.25
323.15853929587917 219.25
323.8407132767012 220.0
326.90625 0.0
327.6078125 0.0
328.309375 0.0
329.0109375 0.0
329.7125 0.0
330.4140625 0.0
331.115625 0.0
331.34929407342645 466.5
331.8171875 0.0
332.05461935506395 462.25
332.51875 0.0
332.75304006400194 459.25
333.4457556863684 457.25
334.1445641892138 454.25
334.65625 0.0
334.8375426314447 452.25
335.33717105263156 0.0
335.53675195284114 449.25
336.0180921052632 0.0
336.23000209160426 447.25
336.92336348417274 445.25
337.6231569615323 442.25
338.3168031617847 440.25
339.0041304379078 439.25
339.697952238839 437.25
340.3918931323452 435.25
341.0859547738053 433.25
344.1446971227381 401.25
344.8578861756834 400.25
345.57891238767434 398.25
346.28438113767436 398.25
346.96657212273806 401.25
349.3822984860917 258.5
350.13006265347764 256.25
350.87375874932115 254.25
351.59856865662374 253.25
352.3235326304556 252.25
353.0290013804556 252.25
353.73447013045563 252.25
354.45959001448927 251.25
355.1650587644893 251.25
355.87052751448925 251.25
356.53684990662373 253.25
357.208571644726 255.0
358.0518995488152 248.0
359.4028086278188 251.0
